-------------------
--Blood Harvester--
-------------------
--By	 --
--CKbackup-
-----------
function Reanimate()
 game:GetService("Players").LocalPlayer.Character.Head.Anchored = true
 for i,v in next, game:GetService("Players").LocalPlayer.Character:GetDescendants() do
  if v:IsA("BasePart") and v.Name ~="HumanoidRootPart" then
  game:GetService("RunService").Heartbeat:connect(function()
  v.Velocity = Vector3.new(0,35,0)
     wait(0.5)
    end)
   end
 end
 game.TestService.IsSleepAllowed = false
 for i,v in next, game:GetService("Players").LocalPlayer.Character:GetDescendants() do
	 if v:IsA("BasePart") then 
		 game:GetService("RunService").Heartbeat:connect(function()
			 v.Velocity = Vector3.new(-40,0,-10)
			 pcall(function()
				 v.CanCollide = false
			 end)
			 pcall(function()
				 v.CanQuery = false
			 end)
		 end)
	 end
 end
 --loadstring(game:HttpGet(("https://raw.githubusercontent.com/BloxinStud10/RNTE/main/Tool%20Fling%20Reanimate"),true))()
 loadstring(game:HttpGet(("https://raw.githubusercontent.com/BloxinStud10/RNTE/main/idk%20lol"),true))()
 local cplayer = game.Players.LocalPlayer.Character
 local function gp(parent, name, className)
     if typeof(parent) == "Instance" then
         for i, v in pairs(parent:GetChildren()) do
             if (v.Name == name) and v:IsA(className) then
                 return v
             end
         end
     end
     return nil
 end

 local hat2 = gp(cplayer, "MeshPartAccessory", "Accessory")
 local handle2 = gp(hat2, "Handle", "BasePart")
 local att2 = gp(handle2, "att1_Handle", "Attachment")
 att2.Parent = cplayer["Torso"] --any part of humanoid
 att2.Position = Vector3.new(-0, 0.025, 0)
 att2.Rotation = Vector3.new(180, 0, -15)--you can delete this 

 local hat2 = gp(cplayer, "Extra Left hand (Blocky)_white", "Accessory")
 local handle2 = gp(hat2, "Handle", "BasePart")
 local att2 = gp(handle2, "att1_Handle", "Attachment")
 att2.Parent = cplayer["Left Arm"]
 att2.Position = Vector3.new(-0, -0, -0)
 att2.Rotation = Vector3.new(-120, 0, 0)

 local hat2 = gp(cplayer, "Extra Right hand (Blocky)_white", "Accessory")
 local handle2 = gp(hat2, "Handle", "BasePart")
 local att2 = gp(handle2, "att1_Handle", "Attachment")
 att2.Parent = cplayer["Right Arm"]
 att2.Position = Vector3.new(0, -0, 0)
 att2.Rotation = Vector3.new(-120, 0, 0) --LavanderHair

 local hat2 = gp(cplayer, "Lipstick_Bag_3.0", "Accessory")
 local handle2 = gp(hat2, "Handle", "BasePart")
 local att2 = gp(handle2, "att1_Handle", "Attachment")
 att2.Parent = cplayer["Right Leg"]
 att2.Position = Vector3.new(0, -0, 0.5) --Robloxclassicred
 att2.Rotation = Vector3.new(0, -5, -45)

 local hat2 = gp(cplayer, "Lipstick_Bag_1.0", "Accessory")
 local handle2 = gp(hat2, "Handle", "BasePart")
 local att2 = gp(handle2, "att1_Handle", "Attachment")
 att2.Parent = cplayer["Left Leg"]
 att2.Position = Vector3.new(-0, -0, 0.5) 
 att2.Rotation = Vector3.new(0, 0, -45)
 
 game:GetService("Players").LocalPlayer.Character.Head.Anchored = false
 setfpscap(120)
end
Reanimate() --Reanimate your character (idk why i did this lmao)

--Best Netless Ever
coroutine.resume(coroutine.create(function()
	while true do
	    if game.TestService.IsSleepAllowed == true then
		    game.TestService.IsSleepAllowed = false
		end
		game:GetService("RunService").Heartbeat:Wait()
	end
end))

player = game.Players.LocalPlayer
chara = player.Character
debby = game.Debris
Mouse = player:GetMouse()
chara.Humanoid.WalkSpeed = 16
atkd = false
targetted = nil

--Outfit--
New = function(Object, Parent, Name, Data)
	local Object = Instance.new(Object)
	for Index, Value in pairs(Data or {}) do
		Object[Index] = Value
	end
	Object.Parent = Parent
	Object.Name = Name
	return Object
end

Greatswordu = nil
GBoxhit = nil
Scythe = nil
SBoxhit = nil
RDaggeru = nil
LDaggeru = nil
D1Boxhit = nil
D2Boxhit = nil

function createGreatsword()
Greatswordu = New("Model",chara,"Greatswordu",{})
GHandle = New("Part",Greatswordu,"GHandle",{BrickColor = BrickColor.new("Crimson"),Material = Enum.Material.Marble,Size = Vector3.new(0.200000003, 1.19999981, 0.200000003),CFrame = CFrame.new(-7.77488756, 2.56938601, 11.099988, 0, -0.965940773, -0.258822978, 0, -0.258822978, 0.965940773, -1, -0, 0),BackSurface = Enum.SurfaceType.SmoothNoOutlines,BottomSurface = Enum.SurfaceType.SmoothNoOutlines,FrontSurface = Enum.SurfaceType.SmoothNoOutlines,LeftSurface = Enum.SurfaceType.SmoothNoOutlines,RightSurface = Enum.SurfaceType.SmoothNoOutlines,TopSurface = Enum.SurfaceType.SmoothNoOutlines,Color = Color3.new(0.592157, 0, 0),})
GWeld = New("ManualWeld",GHandle,"GWeld",{Part0 = GHandle,Part1 = chara["Right Arm"],C0 = CFrame.new(0, 0, 0, -1, 0, 0, 0, 0, 1.00000954, 0, 1.00000954, 0),C1 = CFrame.new(0, -0.939971447, -6.86645508e-05, 1, 0, 0, 0, 1, 0, 0, 0, 1),})
GPart = New("Part",Greatswordu,"GPart",{BrickColor = BrickColor.new("Crimson"),Material = Enum.Material.Marble,Size = Vector3.new(0.200000003, 0.400000006, 0.400000006),CFrame = CFrame.new(-8.80460739, 1.77583277, 11.0999889, 0, 0.965940773, 0.258822978, 0, 0.258822978, -0.965940773, -1, 0, -0),BackSurface = Enum.SurfaceType.SmoothNoOutlines,BottomSurface = Enum.SurfaceType.SmoothNoOutlines,FrontSurface = Enum.SurfaceType.SmoothNoOutlines,LeftSurface = Enum.SurfaceType.SmoothNoOutlines,RightSurface = Enum.SurfaceType.SmoothNoOutlines,TopSurface = Enum.SurfaceType.SmoothNoOutlines,Color = Color3.new(0.592157, 0, 0),})
Mesh = New("SpecialMesh",GPart,"Mesh",{Scale = Vector3.new(1.5, 1, 1),MeshType = Enum.MeshType.Wedge,})
Weld = New("ManualWeld",GPart,"Weld",{Part0 = GPart,Part1 = GHandle,C0 = CFrame.new(0, 0, 0, 1, 0, 0, 0, -1, 0, 0, 0, -1),C1 = CFrame.new(-9.53674316e-07, 1.20000124, -0.499994755, 1, 0, 0, 0, 1, 0, 0, 0, 1),})
GPart = New("Part",Greatswordu,"GPart",{BrickColor = BrickColor.new("Crimson"),Material = Enum.Material.Marble,Size = Vector3.new(0.200000003, 0.600000024, 0.400000006),CFrame = CFrame.new(-8.11458015, 1.13249159, 11.0999889, -0, 0.965940773, -0.258822978, 0, 0.258822978, 0.965940773, 1, 0, 0),BackSurface = Enum.SurfaceType.SmoothNoOutlines,BottomSurface = Enum.SurfaceType.SmoothNoOutlines,FrontSurface = Enum.SurfaceType.SmoothNoOutlines,LeftSurface = Enum.SurfaceType.SmoothNoOutlines,RightSurface = Enum.SurfaceType.SmoothNoOutlines,TopSurface = Enum.SurfaceType.SmoothNoOutlines,Color = Color3.new(0.592157, 0, 0),})
Mesh = New("SpecialMesh",GPart,"Mesh",{Scale = Vector3.new(1.5, 1, 1),MeshType = Enum.MeshType.Wedge,})
Weld = New("ManualWeld",GPart,"Weld",{Part0 = GPart,Part1 = GHandle,C0 = CFrame.new(0, 0, 0, -1, 0, 0, 0, -1, 0, 0, 0, 1),C1 = CFrame.new(-9.53674316e-07, 0.70000267, -1.29999447, 1, 0, 0, 0, 1, 0, 0, 0, 1),})
GPart = New("Part",Greatswordu,"GPart",{BrickColor = BrickColor.new("Crimson"),Material = Enum.Material.Marble,Size = Vector3.new(0.200000003, 0.400000006, 0.800000072),CFrame = CFrame.new(-8.64931488, 1.19626701, 11.0999889, 0, -0.965940773, -0.258822978, 0, -0.258822978, 0.965940773, -1, 0, 0),BackSurface = Enum.SurfaceType.SmoothNoOutlines,BottomSurface = Enum.SurfaceType.SmoothNoOutlines,FrontSurface = Enum.SurfaceType.SmoothNoOutlines,LeftSurface = Enum.SurfaceType.SmoothNoOutlines,RightSurface = Enum.SurfaceType.SmoothNoOutlines,TopSurface = Enum.SurfaceType.SmoothNoOutlines,Color = Color3.new(0.592157, 0, 0),})
Mesh = New("SpecialMesh",GPart,"Mesh",{Scale = Vector3.new(1.5, 1, 1),MeshType = Enum.MeshType.Wedge,})
Weld = New("ManualWeld",GPart,"Weld",{Part0 = GPart,Part1 = GHandle,C1 = CFrame.new(-9.53674316e-07, 1.20000219, -1.09999585, 1, 0, 0, 0, 1, 0, 0, 0, 1),})
GPart = New("Part",Greatswordu,"GPart",{BrickColor = BrickColor.new("Crimson"),Material = Enum.Material.Marble,Size = Vector3.new(0.200000003, 0.600000024, 0.600000024),CFrame = CFrame.new(-8.6960001, 2.52963734, 11.0999899, 0, 0.965940773, 0.258822978, 0, 0.258822978, -0.965940773, -1, 0, -0),BackSurface = Enum.SurfaceType.SmoothNoOutlines,BottomSurface = Enum.SurfaceType.SmoothNoOutlines,FrontSurface = Enum.SurfaceType.SmoothNoOutlines,LeftSurface = Enum.SurfaceType.SmoothNoOutlines,RightSurface = Enum.SurfaceType.SmoothNoOutlines,TopSurface = Enum.SurfaceType.SmoothNoOutlines,Color = Color3.new(0.592157, 0, 0),})
Mesh = New("SpecialMesh",GPart,"Mesh",{Scale = Vector3.new(1.5, 0.666666687, 0.666666687),MeshType = Enum.MeshType.Wedge,})
Weld = New("ManualWeld",GPart,"Weld",{Part0 = GPart,Part1 = GHandle,C0 = CFrame.new(0, 0, 0, 1, 0, 0, 0, -1, 0, 0, 0, -1),C1 = CFrame.new(-1.90734863e-06, 0.900000572, 0.200004101, 1, 0, 0, 0, 1, 0, 0, 0, 1),})
GPart = New("Part",Greatswordu,"GPart",{BrickColor = BrickColor.new("Crimson"),Material = Enum.Material.Marble,Size = Vector3.new(0.200000003, 0.200000003, 0.200000003),CFrame = CFrame.new(-8.38541412, 1.37050927, 11.0999889, 0, 0.965940773, 0.258822978, 0, 0.258822978, -0.965940773, -1, 0, -0),BackSurface = Enum.SurfaceType.SmoothNoOutlines,BottomSurface = Enum.SurfaceType.SmoothNoOutlines,FrontSurface = Enum.SurfaceType.SmoothNoOutlines,LeftSurface = Enum.SurfaceType.SmoothNoOutlines,RightSurface = Enum.SurfaceType.SmoothNoOutlines,TopSurface = Enum.SurfaceType.SmoothNoOutlines,Color = Color3.new(0.592157, 0, 0),})
Mesh = New("SpecialMesh",GPart,"Mesh",{Scale = Vector3.new(1.5, 1, 1),MeshType = Enum.MeshType.Wedge,})
Weld = New("ManualWeld",GPart,"Weld",{Part0 = GPart,Part1 = GHandle,C0 = CFrame.new(0, 0, 0, 1, 0, 0, 0, -1, 0, 0, 0, -1),C1 = CFrame.new(-9.53674316e-07, 0.900001526, -0.999994755, 1, 0, 0, 0, 1, 0, 0, 0, 1),})
GPart = New("Part",Greatswordu,"GPart",{BrickColor = BrickColor.new("Crimson"),Material = Enum.Material.Marble,Size = Vector3.new(0.200000003, 0.800000012, 0.200000003),CFrame = CFrame.new(-9.9138279, 2.82449627, 11.0999889, -0, -0.965940773, 0.258822978, 0, -0.258822978, -0.965940773, 1, 0, -0),BackSurface = Enum.SurfaceType.SmoothNoOutlines,BottomSurface = Enum.SurfaceType.SmoothNoOutlines,FrontSurface = Enum.SurfaceType.SmoothNoOutlines,LeftSurface = Enum.SurfaceType.SmoothNoOutlines,RightSurface = Enum.SurfaceType.SmoothNoOutlines,TopSurface = Enum.SurfaceType.SmoothNoOutlines,Color = Color3.new(0.592157, 0, 0),})
Mesh = New("SpecialMesh",GPart,"Mesh",{MeshType = Enum.MeshType.Wedge,})
Weld = New("ManualWeld",GPart,"Weld",{Part0 = GPart,Part1 = GHandle,C0 = CFrame.new(0, 0, 0, -1, 0, 0, 0, 1, 0, 0, 0, -1),C1 = CFrame.new(-9.53674316e-07, 2, 0.800003767, 1, 0, 0, 0, 1, 0, 0, 0, 1),})
GPart = New("Part",Greatswordu,"GPart",{BrickColor = BrickColor.new("Crimson"),Material = Enum.Material.Marble,Size = Vector3.new(0.200000003, 0.600000024, 0.400000006),CFrame = CFrame.new(-6.93142271, 2.8989203, 11.099988, 0, 0.965940773, 0.258822978, 0, 0.258822978, -0.965940773, -1, 0, -0),BackSurface = Enum.SurfaceType.SmoothNoOutlines,BottomSurface = Enum.SurfaceType.SmoothNoOutlines,FrontSurface = Enum.SurfaceType.SmoothNoOutlines,LeftSurface = Enum.SurfaceType.SmoothNoOutlines,RightSurface = Enum.SurfaceType.SmoothNoOutlines,TopSurface = Enum.SurfaceType.SmoothNoOutlines,Color = Color3.new(0.592157, 0, 0),})
Mesh = New("SpecialMesh",GPart,"Mesh",{Scale = Vector3.new(1, 1, 0.5),MeshType = Enum.MeshType.Wedge,})
Weld = New("ManualWeld",GPart,"Weld",{Part0 = GPart,Part1 = GHandle,C0 = CFrame.new(0, 0, 0, 1, 0, 0, 0, -1, 0, 0, 0, -1),C1 = CFrame.new(0, -0.900000334, 0.0999994278, 1, 0, 0, 0, 1, 0, 0, 0, 1),})
GPart = New("Part",Greatswordu,"GPart",{BrickColor = BrickColor.new("Crimson"),Material = Enum.Material.Marble,Size = Vector3.new(0.200000003, 0.600000024, 0.600000024),CFrame = CFrame.new(-9.08237648, 2.42610812, 11.0999899, -0, -0.965940773, 0.258822978, 0, -0.258822978, -0.965940773, 1, 0, -0),BackSurface = Enum.SurfaceType.SmoothNoOutlines,BottomSurface = Enum.SurfaceType.SmoothNoOutlines,FrontSurface = Enum.SurfaceType.SmoothNoOutlines,LeftSurface = Enum.SurfaceType.SmoothNoOutlines,RightSurface = Enum.SurfaceType.SmoothNoOutlines,TopSurface = Enum.SurfaceType.SmoothNoOutlines,Color = Color3.new(0.592157, 0, 0),})
Mesh = New("SpecialMesh",GPart,"Mesh",{Scale = Vector3.new(1.5, 0.666666687, 0.666666687),MeshType = Enum.MeshType.Wedge,})
Weld = New("ManualWeld",GPart,"Weld",{Part0 = GPart,Part1 = GHandle,C0 = CFrame.new(0, 0, 0, -1, 0, 0, 0, 1, 0, 0, 0, -1),C1 = CFrame.new(-1.90734863e-06, 1.30000019, 0.200004101, 1, 0, 0, 0, 1, 0, 0, 0, 1),})
GPart = New("Part",Greatswordu,"GPart",{BrickColor = BrickColor.new("Crimson"),Material = Enum.Material.Marble,Size = Vector3.new(0.200000003, 0.600000024, 0.600000024),CFrame = CFrame.new(-8.9788475, 2.03973222, 11.0999899, 0, -0.965940773, -0.258822978, 0, -0.258822978, 0.965940773, -1, 0, 0),BackSurface = Enum.SurfaceType.SmoothNoOutlines,BottomSurface = Enum.SurfaceType.SmoothNoOutlines,FrontSurface = Enum.SurfaceType.SmoothNoOutlines,LeftSurface = Enum.SurfaceType.SmoothNoOutlines,RightSurface = Enum.SurfaceType.SmoothNoOutlines,TopSurface = Enum.SurfaceType.SmoothNoOutlines,Color = Color3.new(0.592157, 0, 0),})
Mesh = New("SpecialMesh",GPart,"Mesh",{Scale = Vector3.new(1.5, 0.666666687, 0.666666687),MeshType = Enum.MeshType.Wedge,})
Weld = New("ManualWeld",GPart,"Weld",{Part0 = GPart,Part1 = GHandle,C1 = CFrame.new(-1.90734863e-06, 1.30000019, -0.199995518, 1, 0, 0, 0, 1, 0, 0, 0, 1),})
GPart = New("Part",Greatswordu,"GPart",{BrickColor = BrickColor.new("Crimson"),Material = Enum.Material.Marble,Size = Vector3.new(0.200000003, 0.600000024, 0.400000006),CFrame = CFrame.new(-6.87965822, 2.70573235, 11.099988, -0, 0.965940773, -0.258822978, 0, 0.258822978, 0.965940773, 1, 0, 0),BackSurface = Enum.SurfaceType.SmoothNoOutlines,BottomSurface = Enum.SurfaceType.SmoothNoOutlines,FrontSurface = Enum.SurfaceType.SmoothNoOutlines,LeftSurface = Enum.SurfaceType.SmoothNoOutlines,RightSurface = Enum.SurfaceType.SmoothNoOutlines,TopSurface = Enum.SurfaceType.SmoothNoOutlines,Color = Color3.new(0.592157, 0, 0),})
Mesh = New("SpecialMesh",GPart,"Mesh",{Scale = Vector3.new(1, 1, 0.5),MeshType = Enum.MeshType.Wedge,})
Weld = New("ManualWeld",GPart,"Weld",{Part0 = GPart,Part1 = GHandle,C0 = CFrame.new(0, 0, 0, -1, 0, 0, 0, -1, 0, 0, 0, 1),C1 = CFrame.new(0, -0.900000334, -0.100000381, 1, 0, 0, 0, 1, 0, 0, 0, 1),})
GPart = New("Part",Greatswordu,"GPart",{BrickColor = BrickColor.new("Crimson"),Material = Enum.Material.Marble,Size = Vector3.new(0.200000003, 0.800000012, 0.200000003),CFrame = CFrame.new(-9.49971008, 1.27898622, 11.099988, 0, -0.965940773, -0.258822978, 0, -0.258822978, 0.965940773, -1, 0, 0),BackSurface = Enum.SurfaceType.SmoothNoOutlines,BottomSurface = Enum.SurfaceType.SmoothNoOutlines,FrontSurface = Enum.SurfaceType.SmoothNoOutlines,LeftSurface = Enum.SurfaceType.SmoothNoOutlines,RightSurface = Enum.SurfaceType.SmoothNoOutlines,TopSurface = Enum.SurfaceType.SmoothNoOutlines,Color = Color3.new(0.592157, 0, 0),})
Mesh = New("SpecialMesh",GPart,"Mesh",{MeshType = Enum.MeshType.Wedge,})
Weld = New("ManualWeld",GPart,"Weld",{Part0 = GPart,Part1 = GHandle,C1 = CFrame.new(0, 2, -0.800001264, 1, 0, 0, 0, 1, 0, 0, 0, 1),})
GPart = New("Part",Greatswordu,"GPart",{BrickColor = BrickColor.new("Crimson"),Material = Enum.Material.Marble,Size = Vector3.new(0.200000003, 0.200000003, 0.200000003),CFrame = CFrame.new(-9.0167408, 1.40839863, 11.099988, 0, 0.965940773, 0.258822978, 0, 0.258822978, -0.965940773, -1, 0, -0),BackSurface = Enum.SurfaceType.SmoothNoOutlines,BottomSurface = Enum.SurfaceType.SmoothNoOutlines,FrontSurface = Enum.SurfaceType.SmoothNoOutlines,LeftSurface = Enum.SurfaceType.SmoothNoOutlines,RightSurface = Enum.SurfaceType.SmoothNoOutlines,TopSurface = Enum.SurfaceType.SmoothNoOutlines,Color = Color3.new(0.592157, 0, 0),})
Mesh = New("SpecialMesh",GPart,"Mesh",{MeshType = Enum.MeshType.Wedge,})
Weld = New("ManualWeld",GPart,"Weld",{Part0 = GPart,Part1 = GHandle,C0 = CFrame.new(0, 0, 0, 1, 0, 0, 0, -1, 0, 0, 0, -1),C1 = CFrame.new(0, 1.5, -0.80000031, 1, 0, 0, 0, 1, 0, 0, 0, 1),})
GPart = New("Part",Greatswordu,"GPart",{BrickColor = BrickColor.new("Crimson"),Material = Enum.Material.Marble,Size = Vector3.new(0.200000003, 0.799999595, 1.00000012),CFrame = CFrame.new(-11.6904154, 1.72728598, 11.0999889, -0, -0.965940773, 0.258822978, 0, -0.258822978, -0.965940773, 1, 0, -0),BackSurface = Enum.SurfaceType.SmoothNoOutlines,BottomSurface = Enum.SurfaceType.SmoothNoOutlines,FrontSurface = Enum.SurfaceType.SmoothNoOutlines,LeftSurface = Enum.SurfaceType.SmoothNoOutlines,RightSurface = Enum.SurfaceType.SmoothNoOutlines,TopSurface = Enum.SurfaceType.SmoothNoOutlines,Color = Color3.new(0.592157, 0, 0),})
Weld = New("ManualWeld",GPart,"Weld",{Part0 = GPart,Part1 = GHandle,C0 = CFrame.new(0, 0, 0, -1, 0, 0, 0, 1, 0, 0, 0, -1),C1 = CFrame.new(-9.53674316e-07, 3.99999905, 0.200003624, 1, 0, 0, 0, 1, 0, 0, 0, 1),})
GPart = New("Part",Greatswordu,"GPart",{BrickColor = BrickColor.new("Crimson"),Material = Enum.Material.Marble,Size = Vector3.new(0.200000003, 0.800000012, 0.400000006),CFrame = CFrame.new(-11.5092382, 1.05112374, 11.099988, 0, -0.965940773, -0.258822978, 0, -0.258822978, 0.965940773, -1, 0, 0),BackSurface = Enum.SurfaceType.SmoothNoOutlines,BottomSurface = Enum.SurfaceType.SmoothNoOutlines,FrontSurface = Enum.SurfaceType.SmoothNoOutlines,LeftSurface = Enum.SurfaceType.SmoothNoOutlines,RightSurface = Enum.SurfaceType.SmoothNoOutlines,TopSurface = Enum.SurfaceType.SmoothNoOutlines,Color = Color3.new(0.592157, 0, 0),})
Mesh = New("SpecialMesh",GPart,"Mesh",{MeshType = Enum.MeshType.Wedge,})
Weld = New("ManualWeld",GPart,"Weld",{Part0 = GPart,Part1 = GHandle,C1 = CFrame.new(0, 3.99999905, -0.500000238, 1, 0, 0, 0, 1, 0, 0, 0, 1),})
GPart = New("Part",Greatswordu,"GPart",{BrickColor = BrickColor.new("Crimson"),Material = Enum.Material.Marble,Size = Vector3.new(0.200000003, 0.600000024, 0.400000006),CFrame = CFrame.new(-8.78751945, 3.64393544, 11.0999899, 0, 0.965940773, 0.258822978, 0, 0.258822978, -0.965940773, -1, 0, -0),BackSurface = Enum.SurfaceType.SmoothNoOutlines,BottomSurface = Enum.SurfaceType.SmoothNoOutlines,FrontSurface = Enum.SurfaceType.SmoothNoOutlines,LeftSurface = Enum.SurfaceType.SmoothNoOutlines,RightSurface = Enum.SurfaceType.SmoothNoOutlines,TopSurface = Enum.SurfaceType.SmoothNoOutlines,Color = Color3.new(0.592157, 0, 0),})
Mesh = New("SpecialMesh",GPart,"Mesh",{Scale = Vector3.new(1.5, 1, 1),MeshType = Enum.MeshType.Wedge,})
Weld = New("ManualWeld",GPart,"Weld",{Part0 = GPart,Part1 = GHandle,C0 = CFrame.new(0, 0, 0, 1, 0, 0, 0, -1, 0, 0, 0, -1),C1 = CFrame.new(-1.90734863e-06, 0.70000267, 1.30000329, 1, 0, 0, 0, 1, 0, 0, 0, 1),})
GPart = New("Part",Greatswordu,"GPart",{BrickColor = BrickColor.new("Crimson"),Material = Enum.Material.Marble,Size = Vector3.new(0.200000003, 0.200000003, 0.200000003),CFrame = CFrame.new(-8.90305805, 3.30238819, 11.0999899, -0, 0.965940773, -0.258822978, 0, 0.258822978, 0.965940773, 1, 0, 0),BackSurface = Enum.SurfaceType.SmoothNoOutlines,BottomSurface = Enum.SurfaceType.SmoothNoOutlines,FrontSurface = Enum.SurfaceType.SmoothNoOutlines,LeftSurface = Enum.SurfaceType.SmoothNoOutlines,RightSurface = Enum.SurfaceType.SmoothNoOutlines,TopSurface = Enum.SurfaceType.SmoothNoOutlines,Color = Color3.new(0.592157, 0, 0),})
Mesh = New("SpecialMesh",GPart,"Mesh",{Scale = Vector3.new(1.5, 1, 1),MeshType = Enum.MeshType.Wedge,})
Weld = New("ManualWeld",GPart,"Weld",{Part0 = GPart,Part1 = GHandle,C0 = CFrame.new(0, 0, 0, -1, 0, 0, 0, -1, 0, 0, 0, 1),C1 = CFrame.new(-1.90734863e-06, 0.900000572, 1.00000215, 1, 0, 0, 0, 1, 0, 0, 0, 1),})
GPart = New("Part",Greatswordu,"GPart",{BrickColor = BrickColor.new("Crimson"),Material = Enum.Material.Marble,Size = Vector3.new(0.200000003, 1.19999993, 1),CFrame = CFrame.new(-12.656354, 1.46845961, 11.099988, 0, -0.965940773, -0.258822978, 0, -0.258822978, 0.965940773, -1, 0, 0),BackSurface = Enum.SurfaceType.SmoothNoOutlines,BottomSurface = Enum.SurfaceType.SmoothNoOutlines,FrontSurface = Enum.SurfaceType.SmoothNoOutlines,LeftSurface = Enum.SurfaceType.SmoothNoOutlines,RightSurface = Enum.SurfaceType.SmoothNoOutlines,TopSurface = Enum.SurfaceType.SmoothNoOutlines,Color = Color3.new(0.592157, 0, 0),})
Mesh = New("SpecialMesh",GPart,"Mesh",{MeshType = Enum.MeshType.Wedge,})
Weld = New("ManualWeld",GPart,"Weld",{Part0 = GPart,Part1 = GHandle,C1 = CFrame.new(0, 4.99999809, 0.199999809, 1, 0, 0, 0, 1, 0, 0, 0, 1),})
GPart = New("Part",Greatswordu,"GPart",{BrickColor = BrickColor.new("Crimson"),Material = Enum.Material.Marble,Size = Vector3.new(0.200000003, 0.400000006, 0.800000072),CFrame = CFrame.new(-9.21872425, 3.32133722, 11.0999899, -0, -0.965940773, 0.258822978, 0, -0.258822978, -0.965940773, 1, 0, -0),BackSurface = Enum.SurfaceType.SmoothNoOutlines,BottomSurface = Enum.SurfaceType.SmoothNoOutlines,FrontSurface = Enum.SurfaceType.SmoothNoOutlines,LeftSurface = Enum.SurfaceType.SmoothNoOutlines,RightSurface = Enum.SurfaceType.SmoothNoOutlines,TopSurface = Enum.SurfaceType.SmoothNoOutlines,Color = Color3.new(0.592157, 0, 0),})
Mesh = New("SpecialMesh",GPart,"Mesh",{Scale = Vector3.new(1.5, 1, 1),MeshType = Enum.MeshType.Wedge,})
Weld = New("ManualWeld",GPart,"Weld",{Part0 = GPart,Part1 = GHandle,C0 = CFrame.new(0, 0, 0, -1, 0, 0, 0, 1, 0, 0, 0, -1),C1 = CFrame.new(-1.90734863e-06, 1.20000172, 1.10000443, 1, 0, 0, 0, 1, 0, 0, 0, 1),})
GPart = New("Part",Greatswordu,"GPart",{BrickColor = BrickColor.new("Crimson"),Material = Enum.Material.Marble,Size = Vector3.new(0.200000003, 0.600000024, 0.600000024),CFrame = CFrame.new(-8.59247112, 2.14326143, 11.0999899, -0, 0.965940773, -0.258822978, 0, 0.258822978, 0.965940773, 1, 0, 0),BackSurface = Enum.SurfaceType.SmoothNoOutlines,BottomSurface = Enum.SurfaceType.SmoothNoOutlines,FrontSurface = Enum.SurfaceType.SmoothNoOutlines,LeftSurface = Enum.SurfaceType.SmoothNoOutlines,RightSurface = Enum.SurfaceType.SmoothNoOutlines,TopSurface = Enum.SurfaceType.SmoothNoOutlines,Color = Color3.new(0.592157, 0, 0),})
Mesh = New("SpecialMesh",GPart,"Mesh",{Scale = Vector3.new(1.5, 0.666666687, 0.666666687),MeshType = Enum.MeshType.Wedge,})
Weld = New("ManualWeld",GPart,"Weld",{Part0 = GPart,Part1 = GHandle,C0 = CFrame.new(0, 0, 0, -1, 0, 0, 0, -1, 0, 0, 0, 1),C1 = CFrame.new(-1.90734863e-06, 0.900000572, -0.199995518, 1, 0, 0, 0, 1, 0, 0, 0, 1),})
GPart = New("Part",Greatswordu,"GPart",{BrickColor = BrickColor.new("Crimson"),Material = Enum.Material.Marble,Size = Vector3.new(0.200000003, 0.400000006, 0.400000006),CFrame = CFrame.new(-9.06342983, 2.74177194, 11.0999899, -0, 0.965940773, -0.258822978, 0, 0.258822978, 0.965940773, 1, 0, 0),BackSurface = Enum.SurfaceType.SmoothNoOutlines,BottomSurface = Enum.SurfaceType.SmoothNoOutlines,FrontSurface = Enum.SurfaceType.SmoothNoOutlines,LeftSurface = Enum.SurfaceType.SmoothNoOutlines,RightSurface = Enum.SurfaceType.SmoothNoOutlines,TopSurface = Enum.SurfaceType.SmoothNoOutlines,Color = Color3.new(0.592157, 0, 0),})
Mesh = New("SpecialMesh",GPart,"Mesh",{Scale = Vector3.new(1.5, 1, 1),MeshType = Enum.MeshType.Wedge,})
Weld = New("ManualWeld",GPart,"Weld",{Part0 = GPart,Part1 = GHandle,C0 = CFrame.new(0, 0, 0, -1, 0, 0, 0, -1, 0, 0, 0, 1),C1 = CFrame.new(-1.90734863e-06, 1.20000076, 0.500003338, 1, 0, 0, 0, 1, 0, 0, 0, 1),})
GPart = New("Part",Greatswordu,"GPart",{BrickColor = BrickColor.new("Crimson"),Material = Enum.Material.Marble,Size = Vector3.new(0.200000003, 1.99999964, 1.4000001),CFrame = CFrame.new(-10.2863331, 1.89644599, 11.099988, 0, -0.965940773, -0.258822978, 0, -0.258822978, 0.965940773, -1, 0, 0),BackSurface = Enum.SurfaceType.SmoothNoOutlines,BottomSurface = Enum.SurfaceType.SmoothNoOutlines,FrontSurface = Enum.SurfaceType.SmoothNoOutlines,LeftSurface = Enum.SurfaceType.SmoothNoOutlines,RightSurface = Enum.SurfaceType.SmoothNoOutlines,TopSurface = Enum.SurfaceType.SmoothNoOutlines,Color = Color3.new(0.592157, 0, 0),})
Weld = New("ManualWeld",GPart,"Weld",{Part0 = GPart,Part1 = GHandle,C1 = CFrame.new(0, 2.59999943, -4.76837158e-07, 1, 0, 0, 0, 1, 0, 0, 0, 1),})
GBoxhit = New("Part",Greatswordu,"GBoxhit",{Transparency = 1,Transparency = 1,Size = Vector3.new(4.19999981, 0.200000003, 1.79999983),CFrame = CFrame.new(-11.1556797, 1.66350389, 11.099988, 0.96594137, 0, -0.258823097, 0.258823097, 0, 0.96594137, 0, -1, 0),})
Weld = New("ManualWeld",GBoxhit,"Weld",{Part0 = GBoxhit,Part1 = GHandle,C0 = CFrame.new(0, 0, 0, 0, -1.0000006, -2.98023224e-08, 1, 0, 0, 0, -2.98023224e-08, 1.0000006),C1 = CFrame.new(0, 3.50000048, -1.66893005e-06, 1, 0, 0, 0, 1, 0, 0, 0, 1),})
GPart = New("Part",Greatswordu,"GPart",{BrickColor = BrickColor.new("Crimson"),Material = Enum.Material.Marble,Size = Vector3.new(0.200000003, 0.200000003, 0.200000003),CFrame = CFrame.new(-9.43085861, 2.95390749, 11.0999899, -0, 0.965940773, -0.258822978, 0, 0.258822978, 0.965940773, 1, 0, 0),BackSurface = Enum.SurfaceType.SmoothNoOutlines,BottomSurface = Enum.SurfaceType.SmoothNoOutlines,FrontSurface = Enum.SurfaceType.SmoothNoOutlines,LeftSurface = Enum.SurfaceType.SmoothNoOutlines,RightSurface = Enum.SurfaceType.SmoothNoOutlines,TopSurface = Enum.SurfaceType.SmoothNoOutlines,Color = Color3.new(0.592157, 0, 0),})
Mesh = New("SpecialMesh",GPart,"Mesh",{MeshType = Enum.MeshType.Wedge,})
Weld = New("ManualWeld",GPart,"Weld",{Part0 = GPart,Part1 = GHandle,C0 = CFrame.new(0, 0, 0, -1, 0, 0, 0, -1, 0, 0, 0, 1),C1 = CFrame.new(-1.90734863e-06, 1.50000048, 0.800003529, 1, 0, 0, 0, 1, 0, 0, 0, 1),})
local c = Greatswordu:GetChildren()
for i = 1, #c do
c[i].CanCollide = false
end
end

function createLeftDagger()
LDaggeru = New("Model",chara,"LDaggeru",{})
D2Handle = New("Part",LDaggeru,"D2Handle",{BrickColor = BrickColor.new("Crimson"),Material = Enum.Material.Marble,Size = Vector3.new(0.200000003, 0.999999821, 0.200000003),CFrame = CFrame.new(-11.1000357, 2.37939119, 9.8499918, -1.00001478, 0, 0, 0, -0.866041839, 0.500009716, 0, 0.500002325, 0.866029024),BackSurface = Enum.SurfaceType.SmoothNoOutlines,BottomSurface = Enum.SurfaceType.SmoothNoOutlines,FrontSurface = Enum.SurfaceType.SmoothNoOutlines,LeftSurface = Enum.SurfaceType.SmoothNoOutlines,RightSurface = Enum.SurfaceType.SmoothNoOutlines,TopSurface = Enum.SurfaceType.SmoothNoOutlines,Color = Color3.new(0.592157, 0, 0),})
LDWeld = New("ManualWeld",D2Handle,"LDWeld",{Part0 = D2Handle,Part1 = chara["Left Arm"],C0 = CFrame.new(0, 0, 0, 1, 0, 0, 0, -1.00000417, 2.9802429e-08, 0, -2.9802429e-08, -1.00000417),C1 = CFrame.new(5.7220459e-06, -0.699997187, -1.62124634e-05, 1, 0, 0, 0, 1, 0, 0, 0, 1),})
D2Boxhit = New("Part",LDaggeru,"D2Boxhit",{Transparency = 1,Transparency = 1,Size = Vector3.new(1.79999971, 0.200000003, 0.599999785),CFrame = CFrame.new(-11.1000357, 0.993709326, 10.6500015, -0, -1.00001478, 0, 0.866045475, 0, 0.500011802, -0.500004411, 0, 0.86603266),})
Weld = New("ManualWeld",D2Boxhit,"Weld",{Part0 = D2Boxhit,Part1 = D2Handle,C0 = CFrame.new(0, 0, 0, 0, -1.0000006, -2.98023224e-08, 1, 0, 0, 0, -2.98023224e-08, 1.0000006),C1 = CFrame.new(0, 1.60001612, -1.90734863e-06, 1, 0, 0, 0, 1.00000358, 0, 0, 0, 1.00000358),})
D2Part = New("Part",LDaggeru,"D2Part",{BrickColor = BrickColor.new("Crimson"),Material = Enum.Material.Marble,Size = Vector3.new(0.200000003, 0.399999619, 0.400000125),CFrame = CFrame.new(-11.1000347, 0.783911228, 10.8866043, 1.00001478, 0, 0, 0, -0.866043925, -0.500010908, 0, 0.500003517, -0.86603111),BackSurface = Enum.SurfaceType.SmoothNoOutlines,BottomSurface = Enum.SurfaceType.SmoothNoOutlines,FrontSurface = Enum.SurfaceType.SmoothNoOutlines,LeftSurface = Enum.SurfaceType.SmoothNoOutlines,RightSurface = Enum.SurfaceType.SmoothNoOutlines,TopSurface = Enum.SurfaceType.SmoothNoOutlines,Color = Color3.new(0.592157, 0, 0),})
Weld = New("ManualWeld",D2Part,"Weld",{Part0 = D2Part,Part1 = D2Handle,C0 = CFrame.new(0, 0, 0, -1, 0, 0, 0, 1.00000119, 0, 0, 0, -1.00000119),C1 = CFrame.new(-9.53674316e-07, 1.90000391, 0.100003958, 1, 0, 0, 0, 1.00000119, 0, 0, 0, 1.00000119),})
D2Part = New("Part",LDaggeru,"D2Part",{BrickColor = BrickColor.new("Crimson"),Material = Enum.Material.Marble,Size = Vector3.new(0.200000003, 0.200000003, 0.400000006),CFrame = CFrame.new(-11.1000357, 2.8490169, 9.46338654, 1.00001478, 0, 0, 0, 0.866043925, 0.500010908, 0, -0.500003517, 0.86603111),BackSurface = Enum.SurfaceType.SmoothNoOutlines,BottomSurface = Enum.SurfaceType.SmoothNoOutlines,FrontSurface = Enum.SurfaceType.SmoothNoOutlines,LeftSurface = Enum.SurfaceType.SmoothNoOutlines,RightSurface = Enum.SurfaceType.SmoothNoOutlines,TopSurface = Enum.SurfaceType.SmoothNoOutlines,Color = Color3.new(0.592157, 0, 0),})
Mesh = New("SpecialMesh",D2Part,"Mesh",{Scale = Vector3.new(1, 1, 0.5),MeshType = Enum.MeshType.Wedge,})
Weld = New("ManualWeld",D2Part,"Weld",{Part0 = D2Part,Part1 = D2Handle,C0 = CFrame.new(0, 0, 0, -1, 0, 0, 0, -1.00000119, 0, 0, 0, 1.00000119),C1 = CFrame.new(0, -0.60000205, -0.100000381, 1, 0, 0, 0, 1.00000119, 0, 0, 0, 1.00000119),})
D2Part = New("Part",LDaggeru,"D2Part",{BrickColor = BrickColor.new("Crimson"),Material = Enum.Material.Marble,Size = Vector3.new(0.200000003, 0.200000003, 0.400000006),CFrame = CFrame.new(-11.1000357, 2.94901896, 9.63659191, -1.00001478, 0, 0, 0, 0.866043925, -0.500010908, 0, -0.500003517, -0.86603111),BackSurface = Enum.SurfaceType.SmoothNoOutlines,BottomSurface = Enum.SurfaceType.SmoothNoOutlines,FrontSurface = Enum.SurfaceType.SmoothNoOutlines,LeftSurface = Enum.SurfaceType.SmoothNoOutlines,RightSurface = Enum.SurfaceType.SmoothNoOutlines,TopSurface = Enum.SurfaceType.SmoothNoOutlines,Color = Color3.new(0.592157, 0, 0),})
Mesh = New("SpecialMesh",D2Part,"Mesh",{Scale = Vector3.new(1, 1, 0.5),MeshType = Enum.MeshType.Wedge,})
Weld = New("ManualWeld",D2Part,"Weld",{Part0 = D2Part,Part1 = D2Handle,C0 = CFrame.new(0, 0, 0, 1, 0, 0, 0, -1.00000119, 0, 0, 0, -1.00000119),C1 = CFrame.new(0, -0.60000205, 0.0999996662, 1, 0, 0, 0, 1.00000119, 0, 0, 0, 1.00000119),})
D2Part = New("Part",LDaggeru,"D2Part",{BrickColor = BrickColor.new("Crimson"),Material = Enum.Material.Marble,Size = Vector3.new(0.200000003, 0.399999857, 0.400000006),CFrame = CFrame.new(-11.1000357, 0.437493324, 11.0866013, -1.00001478, 0, 0, 0, -0.866043925, 0.500010908, 0, 0.500003517, 0.86603111),BackSurface = Enum.SurfaceType.SmoothNoOutlines,BottomSurface = Enum.SurfaceType.SmoothNoOutlines,FrontSurface = Enum.SurfaceType.SmoothNoOutlines,LeftSurface = Enum.SurfaceType.SmoothNoOutlines,RightSurface = Enum.SurfaceType.SmoothNoOutlines,TopSurface = Enum.SurfaceType.SmoothNoOutlines,Color = Color3.new(0.592157, 0, 0),})
Mesh = New("SpecialMesh",D2Part,"Mesh",{MeshType = Enum.MeshType.Wedge,})
Weld = New("ManualWeld",D2Part,"Weld",{Part0 = D2Part,Part1 = D2Handle,C0 = CFrame.new(0, 0, 0, 1, 0, 0, 0, 1.00000119, 0, 0, 0, 1.00000119),C1 = CFrame.new(0, 2.30000305, 0.100000143, 1, 0, 0, 0, 1.00000119, 0, 0, 0, 1.00000119),})
D2Part = New("Part",LDaggeru,"D2Part",{BrickColor = BrickColor.new("Crimson"),Material = Enum.Material.Marble,Size = Vector3.new(0.200000003, 0.999999523, 0.600000143),CFrame = CFrame.new(-11.1000357, 1.34013641, 10.4499969, -1.00001478, 0, 0, 0, -0.866043925, 0.500010908, 0, 0.500003517, 0.86603111),BackSurface = Enum.SurfaceType.SmoothNoOutlines,BottomSurface = Enum.SurfaceType.SmoothNoOutlines,FrontSurface = Enum.SurfaceType.SmoothNoOutlines,LeftSurface = Enum.SurfaceType.SmoothNoOutlines,RightSurface = Enum.SurfaceType.SmoothNoOutlines,TopSurface = Enum.SurfaceType.SmoothNoOutlines,Color = Color3.new(0.592157, 0, 0),})
Weld = New("ManualWeld",D2Part,"Weld",{Part0 = D2Part,Part1 = D2Handle,C0 = CFrame.new(0, 0, 0, 1, 0, 0, 0, 1.00000119, 0, 0, 0, 1.00000119),C1 = CFrame.new(0, 1.20000505, -4.76837158e-07, 1, 0, 0, 0, 1.00000119, 0, 0, 0, 1.00000119),})
D2Part = New("Part",LDaggeru,"D2Part",{BrickColor = BrickColor.new("Crimson"),Material = Enum.Material.Marble,Size = Vector3.new(0.200000003, 0.400000006, 0.200000003),CFrame = CFrame.new(-11.1000357, 0.633894801, 10.6267967, -1.00001478, 0, 0, 0, -0.866045952, 0.5000121, 0, 0.500004709, 0.866033137),BackSurface = Enum.SurfaceType.SmoothNoOutlines,BottomSurface = Enum.SurfaceType.SmoothNoOutlines,FrontSurface = Enum.SurfaceType.SmoothNoOutlines,LeftSurface = Enum.SurfaceType.SmoothNoOutlines,RightSurface = Enum.SurfaceType.SmoothNoOutlines,TopSurface = Enum.SurfaceType.SmoothNoOutlines,Color = Color3.new(0.592157, 0, 0),})
Mesh = New("SpecialMesh",D2Part,"Mesh",{MeshType = Enum.MeshType.Wedge,})
Weld = New("ManualWeld",D2Part,"Weld",{Part0 = D2Part,Part1 = D2Handle,C0 = CFrame.new(0, 0, 0, 1, 0, 0, 0, 1.00000119, 0, 0, 0, 1.00000119),C1 = CFrame.new(0, 1.90001631, -0.200001717, 1, 0, 0, 0, 1.00000358, 0, 0, 0, 1.00000358),})
D2Part = New("Part",LDaggeru,"D2Part",{BrickColor = BrickColor.new("Crimson"),Material = Enum.Material.Marble,Size = Vector3.new(0.200000003, 0.200000003, 0.400000006),CFrame = CFrame.new(-11.1000347, 2.10976481, 10.5830183, -1.00001478, 0, 0, 0, 0.866044939, -0.500011504, 0, -0.500004113, -0.866032124),BackSurface = Enum.SurfaceType.SmoothNoOutlines,BottomSurface = Enum.SurfaceType.SmoothNoOutlines,FrontSurface = Enum.SurfaceType.SmoothNoOutlines,LeftSurface = Enum.SurfaceType.SmoothNoOutlines,RightSurface = Enum.SurfaceType.SmoothNoOutlines,TopSurface = Enum.SurfaceType.SmoothNoOutlines,Color = Color3.new(0.592157, 0, 0),})
Mesh = New("SpecialMesh",D2Part,"Mesh",{Scale = Vector3.new(1.5, 1, 1),MeshType = Enum.MeshType.Wedge,})
Weld = New("ManualWeld",D2Part,"Weld",{Part0 = D2Part,Part1 = D2Handle,C0 = CFrame.new(0, 0, 0, 1, 0, 0, 0, -1, 0, 0, 0, -1),C1 = CFrame.new(-9.53674316e-07, 0.600010395, 0.50000596, 1, 0, 0, 0, 1.00000358, 0, 0, 0, 1.00000358),})
D2Part = New("Part",LDaggeru,"D2Part",{BrickColor = BrickColor.new("Crimson"),Material = Enum.Material.Marble,Size = Vector3.new(0.200000003, 0.600000024, 0.600000024),CFrame = CFrame.new(-11.1000338, 1.78655291, 10.4232092, 1.00001478, 0, 0, 0, -0.866045952, -0.5000121, 0, 0.500004709, -0.866033137),BackSurface = Enum.SurfaceType.SmoothNoOutlines,BottomSurface = Enum.SurfaceType.SmoothNoOutlines,FrontSurface = Enum.SurfaceType.SmoothNoOutlines,LeftSurface = Enum.SurfaceType.SmoothNoOutlines,RightSurface = Enum.SurfaceType.SmoothNoOutlines,TopSurface = Enum.SurfaceType.SmoothNoOutlines,Color = Color3.new(0.592157, 0, 0),})
Mesh = New("SpecialMesh",D2Part,"Mesh",{Scale = Vector3.new(1.5, 0.666666687, 0.666666687),MeshType = Enum.MeshType.Wedge,})
Weld = New("ManualWeld",D2Part,"Weld",{Part0 = D2Part,Part1 = D2Handle,C0 = CFrame.new(0, 0, 0, -1, 0, 0, 0, 1.00000119, 0, 0, 0, -1.00000119),C1 = CFrame.new(-1.90734863e-06, 0.800010681, 0.200005054, 1, 0, 0, 0, 1.00000358, 0, 0, 0, 1.00000358),})
D2Part = New("Part",LDaggeru,"D2Part",{BrickColor = BrickColor.new("Crimson"),Material = Enum.Material.Marble,Size = Vector3.new(0.200000003, 0.600000024, 0.600000024),CFrame = CFrame.new(-11.1000338, 2.13297105, 10.2232075, -1.00001478, 0, 0, 0, 0.866045952, -0.5000121, 0, -0.500004709, -0.866033137),BackSurface = Enum.SurfaceType.SmoothNoOutlines,BottomSurface = Enum.SurfaceType.SmoothNoOutlines,FrontSurface = Enum.SurfaceType.SmoothNoOutlines,LeftSurface = Enum.SurfaceType.SmoothNoOutlines,RightSurface = Enum.SurfaceType.SmoothNoOutlines,TopSurface = Enum.SurfaceType.SmoothNoOutlines,Color = Color3.new(0.592157, 0, 0),})
Mesh = New("SpecialMesh",D2Part,"Mesh",{Scale = Vector3.new(1.5, 0.666666687, 0.666666687),MeshType = Enum.MeshType.Wedge,})
Weld = New("ManualWeld",D2Part,"Weld",{Part0 = D2Part,Part1 = D2Handle,C0 = CFrame.new(0, 0, 0, 1, 0, 0, 0, -1.00000119, 0, 0, 0, -1.00000119),C1 = CFrame.new(-1.90734863e-06, 0.400009155, 0.200005054, 1, 0, 0, 0, 1.00000358, 0, 0, 0, 1.00000358),})
D2Part = New("Part",LDaggeru,"D2Part",{BrickColor = BrickColor.new("Crimson"),Material = Enum.Material.Marble,Size = Vector3.new(0.200000003, 0.600000024, 0.600000024),CFrame = CFrame.new(-11.1000338, 1.93296635, 9.87679482, 1.00001478, 0, 0, 0, 0.866045952, 0.5000121, 0, -0.500004709, 0.866033137),BackSurface = Enum.SurfaceType.SmoothNoOutlines,BottomSurface = Enum.SurfaceType.SmoothNoOutlines,FrontSurface = Enum.SurfaceType.SmoothNoOutlines,LeftSurface = Enum.SurfaceType.SmoothNoOutlines,RightSurface = Enum.SurfaceType.SmoothNoOutlines,TopSurface = Enum.SurfaceType.SmoothNoOutlines,Color = Color3.new(0.592157, 0, 0),})
Mesh = New("SpecialMesh",D2Part,"Mesh",{Scale = Vector3.new(1.5, 0.666666687, 0.666666687),MeshType = Enum.MeshType.Wedge,})
Weld = New("ManualWeld",D2Part,"Weld",{Part0 = D2Part,Part1 = D2Handle,C0 = CFrame.new(0, 0, 0, -1, 0, 0, 0, -1.00000119, 0, 0, 0, 1.00000119),C1 = CFrame.new(-1.90734863e-06, 0.400009155, -0.199996471, 1, 0, 0, 0, 1.00000358, 0, 0, 0, 1.00000358),})
D2Part = New("Part",LDaggeru,"D2Part",{BrickColor = BrickColor.new("Crimson"),Material = Enum.Material.Marble,Size = Vector3.new(0.200000003, 0.200000003, 0.400000006),CFrame = CFrame.new(-11.1000338, 1.60975289, 9.7169857, 1.00001478, 0, 0, 0, 0.866045952, 0.5000121, 0, -0.500004709, 0.866033137),BackSurface = Enum.SurfaceType.SmoothNoOutlines,BottomSurface = Enum.SurfaceType.SmoothNoOutlines,FrontSurface = Enum.SurfaceType.SmoothNoOutlines,LeftSurface = Enum.SurfaceType.SmoothNoOutlines,RightSurface = Enum.SurfaceType.SmoothNoOutlines,TopSurface = Enum.SurfaceType.SmoothNoOutlines,Color = Color3.new(0.592157, 0, 0),})
Mesh = New("SpecialMesh",D2Part,"Mesh",{Scale = Vector3.new(1.5, 1, 1),MeshType = Enum.MeshType.Wedge,})
Weld = New("ManualWeld",D2Part,"Weld",{Part0 = D2Part,Part1 = D2Handle,C0 = CFrame.new(0, 0, 0, -1, 0, 0, 0, -1.00000119, 0, 0, 0, 1.00000119),C1 = CFrame.new(-1.90734863e-06, 0.600010872, -0.499997854, 1, 0, 0, 0, 1.00000358, 0, 0, 0, 1.00000358),})
D2Part = New("Part",LDaggeru,"D2Part",{BrickColor = BrickColor.new("Crimson"),Material = Enum.Material.Marble,Size = Vector3.new(0.200000003, 0.600000024, 0.600000024),CFrame = CFrame.new(-11.1000338, 1.58654833, 10.0767965, -1.00001478, 0, 0, 0, -0.866045952, 0.5000121, 0, 0.500004709, 0.866033137),BackSurface = Enum.SurfaceType.SmoothNoOutlines,BottomSurface = Enum.SurfaceType.SmoothNoOutlines,FrontSurface = Enum.SurfaceType.SmoothNoOutlines,LeftSurface = Enum.SurfaceType.SmoothNoOutlines,RightSurface = Enum.SurfaceType.SmoothNoOutlines,TopSurface = Enum.SurfaceType.SmoothNoOutlines,Color = Color3.new(0.592157, 0, 0),})
Mesh = New("SpecialMesh",D2Part,"Mesh",{Scale = Vector3.new(1.5, 0.666666687, 0.666666687),MeshType = Enum.MeshType.Wedge,})
Weld = New("ManualWeld",D2Part,"Weld",{Part0 = D2Part,Part1 = D2Handle,C0 = CFrame.new(0, 0, 0, 1, 0, 0, 0, 1.00000119, 0, 0, 0, 1.00000119),C1 = CFrame.new(-1.90734863e-06, 0.800010681, -0.199996471, 1, 0, 0, 0, 1.00000358, 0, 0, 0, 1.00000358),})
local c = LDaggeru:GetChildren()
for i = 1, #c do
c[i].CanCollide = false
end
end

function createRightDagger()
RDaggeru = New("Model",chara,"RDaggeru",{})
D1Handle = New("Part",RDaggeru,"D1Handle",{BrickColor = BrickColor.new("Crimson"),Material = Enum.Material.Marble,Size = Vector3.new(0.200000003, 0.999999821, 0.200000003),CFrame = CFrame.new(-8.8999691, 2.37939119, 9.8499918, -1.00001478, 0, 0, 0, -0.866041839, 0.500009716, 0, 0.500002325, 0.866029024),BackSurface = Enum.SurfaceType.SmoothNoOutlines,BottomSurface = Enum.SurfaceType.SmoothNoOutlines,FrontSurface = Enum.SurfaceType.SmoothNoOutlines,LeftSurface = Enum.SurfaceType.SmoothNoOutlines,RightSurface = Enum.SurfaceType.SmoothNoOutlines,TopSurface = Enum.SurfaceType.SmoothNoOutlines,Color = Color3.new(0.592157, 0, 0),})
RDWeld = New("ManualWeld",D1Handle,"RDWeld",{Part0 = D1Handle,Part1 = chara["Right Arm"],C0 = CFrame.new(0, 0, 0, 1, 0, 0, 0, -1.00000536, 2.3841958e-06, 0, -2.3841958e-06, -1.00000536),C1 = CFrame.new(7.62939453e-06, -0.699957609, -3.81469727e-06, 1, 0, 0, 0, 1, 0, 0, 0, 1),})
D1Boxhit = New("Part",RDaggeru,"D1Boxhit",{Transparency = 1,Transparency = 1,Size = Vector3.new(1.79999971, 0.200000003, 0.599999785),CFrame = CFrame.new(-8.8999691, 0.993709326, 10.6500015, -0, -1.00001478, 0, 0.866045475, 0, 0.500011802, -0.500004411, 0, 0.86603266),})
Weld = New("ManualWeld",D1Boxhit,"Weld",{Part0 = D1Boxhit,Part1 = D1Handle,C0 = CFrame.new(0, 0, 0, 0, -1.0000006, -2.98023224e-08, 1, 0, 0, 0, -2.98023224e-08, 1.0000006),C1 = CFrame.new(0, 1.60001612, -1.90734863e-06, 1, 0, 0, 0, 1.00000358, 0, 0, 0, 1.00000358),})
