-----------------------
--XEvent Chara--
-----------------------
-------------------------------------------------------
--A script By makhail07 and KillerDarkness0105
--Effect Smoothing By OblivionCreature
--Discords Creterisk#2958, Codex#6685, and [L]ewd#2941
-------------------------------------------------------
function Reanimate()
 game:GetService("Players").LocalPlayer.Character.Head.Anchored = true
 for i,v in next, game:GetService("Players").LocalPlayer.Character:GetDescendants() do
  if v:IsA("BasePart") and v.Name ~="HumanoidRootPart" then
  game:GetService("RunService").Heartbeat:connect(function()
  v.Velocity = Vector3.new(0,35,0)
     wait(0.5)
    end)
   end
 end
 game.TestService.IsSleepAllowed = false
 for i,v in next, game:GetService("Players").LocalPlayer.Character:GetDescendants() do
	 if v:IsA("BasePart") then 
		 game:GetService("RunService").Heartbeat:connect(function()
			 v.Velocity = Vector3.new(-40,0,-10)
			 pcall(function()
				 v.CanCollide = false
			 end)
			 pcall(function()
				 v.CanQuery = false
			 end)
		 end)
	 end
 end
 --loadstring(game:HttpGet(("https://raw.githubusercontent.com/BloxinStud10/RNTE/main/Tool%20Fling%20Reanimate"),true))()
 loadstring(game:HttpGet(("https://raw.githubusercontent.com/BloxinStud10/RNTE/main/idk%20lol"),true))()
 local cplayer = game.Players.LocalPlayer.Character
 local function gp(parent, name, className)
     if typeof(parent) == "Instance" then
         for i, v in pairs(parent:GetChildren()) do
             if (v.Name == name) and v:IsA(className) then
                 return v
             end
         end
     end
     return nil
 end
 
 if game:GetService("Players").LocalPlayer.Character:FindFirstChild("MeshPartAccessory") then
 local hat2 = gp(cplayer, "MeshPartAccessory", "Accessory")
 local handle2 = gp(hat2, "Handle", "BasePart")
 local att2 = gp(handle2, "att1_Handle", "Attachment")
 att2.Parent = cplayer["Torso"] --any part of humanoid
 att2.Position = Vector3.new(-0, 0.025, 0)
 att2.Rotation = Vector3.new(180, 0, -15)--you can delete this 
 end
 if game:GetService("Players").LocalPlayer.Character:FindFirstChild("Front") then
 local hat2 = gp(cplayer, "Front", "Accessory")
 local handle2 = gp(hat2, "Handle", "BasePart")
 local att2 = gp(handle2, "att1_Handle", "Attachment")
 att2.Parent = cplayer["Torso"] --any part of humanoid
 att2.Position = Vector3.new(-0, 0, 0)
 att2.Rotation = Vector3.new(0, 0, 0)--you can delete this 
 end

 local hat2 = gp(cplayer, "Extra Left hand (Blocky)_white", "Accessory")
 local handle2 = gp(hat2, "Handle", "BasePart")
 local att2 = gp(handle2, "att1_Handle", "Attachment")
 att2.Parent = cplayer["Left Arm"]
 att2.Position = Vector3.new(-0, -0, -0)
 att2.Rotation = Vector3.new(-120, 0, 0)

 local hat2 = gp(cplayer, "Extra Right hand (Blocky)_white", "Accessory")
 local handle2 = gp(hat2, "Handle", "BasePart")
 local att2 = gp(handle2, "att1_Handle", "Attachment")
 att2.Parent = cplayer["Right Arm"]
 att2.Position = Vector3.new(0, -0, 0)
 att2.Rotation = Vector3.new(-120, 0, 0) --LavanderHair

 local hat2 = gp(cplayer, "Lipstick_Bag_3.0", "Accessory")
 local handle2 = gp(hat2, "Handle", "BasePart")
 local att2 = gp(handle2, "att1_Handle", "Attachment")
 att2.Parent = cplayer["Right Leg"]
 att2.Position = Vector3.new(0, -0, 0.5) --Robloxclassicred
 att2.Rotation = Vector3.new(0, -5, -45)

 local hat2 = gp(cplayer, "Lipstick_Bag_1.0", "Accessory")
 local handle2 = gp(hat2, "Handle", "BasePart")
 local att2 = gp(handle2, "att1_Handle", "Attachment")
 att2.Parent = cplayer["Left Leg"]
 att2.Position = Vector3.new(-0, -0, 0.5) 
 att2.Rotation = Vector3.new(0, 0, -45)
 
  local hat2 = gp(cplayer, "Back_AccAccessory", "Accessory")
 local handle2 = gp(hat2, "Handle", "BasePart")
 local att2 = gp(handle2, "att1_Handle", "Attachment")
 att2.Parent = cplayer["Right Arm"]
 att2.Position = Vector3.new(0.3, -1, -2.5)
 att2.Rotation = Vector3.new(120, 90, 0) --LavanderHair
 
 game:GetService("Players").LocalPlayer.Character.Head.Anchored = false
 setfpscap(120)
end
Reanimate() --Reanimate your character (idk why i did this lmao)
coroutine.resume(coroutine.create(function()
	while true do
	    if game.TestService.IsSleepAllowed == true then
		    game.TestService.IsSleepAllowed = false
		end
		game:GetService("RunService").Heartbeat:Wait()
	end
end))

local FavIDs = {340106355,927529620,876981900,398987889,1117396305}

function swait(num)
if num==0 or num==nil then
game:service'RunService'.Stepped:wait(0)
else
for i=0,num do
game:service'RunService'.Stepped:wait(0)
end
end
end
function thread(f)
  coroutine.resume(coroutine.create(f))
end

--Needed to add this for a good reason, thank me later mak.
so = function(id,par,vol,pit) 
coroutine.resume(coroutine.create(function()
local sou = Instance.new("Sound",par or workspace)
sou.Volume=vol
sou.Pitch=pit or 1
sou.SoundId=id
swait() 
sou:play() 
game:GetService("Debris"):AddItem(sou,8)
end))
end


function clerp(a, b, t) 
	local qa = {
		QuaternionFromCFrame(a)
	}
	local qb = {
		QuaternionFromCFrame(b)
	} 
	local ax, ay, az = a.x, a.y, a.z 
	local bx, by, bz = b.x, b.y, b.z
	local _t = 1 - t
	return QuaternionToCFrame(_t * ax + t * bx, _t * ay + t * by, _t * az + t * bz, QuaternionSlerp(qa, qb, t)) 
end
function QuaternionFromCFrame(cf)
  local mx, my, mz, m00, m01, m02, m10, m11, m12, m20, m21, m22 = cf:components()
  local trace = m00 + m11 + m22
  if trace > 0 then
    local s = math.sqrt(1 + trace)
    local recip = 0.5 / s
    return (m21 - m12) * recip, (m02 - m20) * recip, (m10 - m01) * recip, s * 0.5
  else
    local i = 0
    if m00 < m11 then
      i = 1
    end
    if m22 > (i == 0 and m00 or m11) then
      i = 2
    end
    if i == 0 then
      local s = math.sqrt(m00 - m11 - m22 + 1)
      local recip = 0.5 / s
      return 0.5 * s, (m10 + m01) * recip, (m20 + m02) * recip, (m21 - m12) * recip
    elseif i == 1 then
      local s = math.sqrt(m11 - m22 - m00 + 1)
      local recip = 0.5 / s
      return (m01 + m10) * recip, 0.5 * s, (m21 + m12) * recip, (m02 - m20) * recip
    elseif i == 2 then
      local s = math.sqrt(m22 - m00 - m11 + 1)
      local recip = 0.5 / s
      return (m02 + m20) * recip, (m12 + m21) * recip, 0.5 * s, (m10 - m01) * recip
    end
  end
end
function QuaternionToCFrame(px, py, pz, x, y, z, w)
  local xs, ys, zs = x + x, y + y, z + z
  local wx, wy, wz = w * xs, w * ys, w * zs
  local xx = x * xs
  local xy = x * ys
  local xz = x * zs
  local yy = y * ys
  local yz = y * zs
  local zz = z * zs
  return CFrame.new(px, py, pz, 1 - (yy + zz), xy - wz, xz + wy, xy + wz, 1 - (xx + zz), yz - wx, xz - wy, yz + wx, 1 - (xx + yy))
end
function QuaternionSlerp(a, b, t)
  local cosTheta = a[1] * b[1] + a[2] * b[2] + a[3] * b[3] + a[4] * b[4]
  local startInterp, finishInterp
  if cosTheta >= 1.0E-4 then
    if 1 - cosTheta > 1.0E-4 then
      local theta = math.acos(cosTheta)
      local invSinTheta = 1 / math.sin(theta)
      startInterp = math.sin((1 - t) * theta) * invSinTheta
      finishInterp = math.sin(t * theta) * invSinTheta
    else
      startInterp = 1 - t
      finishInterp = t
    end
  elseif 1 + cosTheta > 1.0E-4 then
    local theta = math.acos(-cosTheta)
    local invSinTheta = 1 / math.sin(theta)
    startInterp = math.sin((t - 1) * theta) * invSinTheta
    finishInterp = math.sin(t * theta) * invSinTheta
  else
    startInterp = t - 1
    finishInterp = t
  end
  return a[1] * startInterp + b[1] * finishInterp, a[2] * startInterp + b[2] * finishInterp, a[3] * startInterp + b[3] * finishInterp, a[4] * startInterp + b[4] * finishInterp
end
function rayCast(Position, Direction, Range, Ignore)
  return game:service("Workspace"):FindPartOnRay(Ray.new(Position, Direction.unit * (Range or 999.999)), Ignore)
end
--Wait what okay
wait()
local plr = game:service'Players'.LocalPlayer
local char = plr.Character
local hum = char.Humanoid
local ra = char["Right Arm"]
local la= char["Left Arm"]
local rl= char["Right Leg"]
local ll = char["Left Leg"]
local hed = char.Head
local root = char.HumanoidRootPart
local rootj = root.RootJoint
local tors = char.Torso
local mouse = plr:GetMouse()
local RootCF = CFrame.fromEulerAnglesXYZ(-1.57, 0, 3.14)
local RHCF = CFrame.fromEulerAnglesXYZ(0, 1.6, 0)
local LHCF = CFrame.fromEulerAnglesXYZ(0, -1.6, 0)
local maincolor = BrickColor.new("Dark indigo")
cf = CFrame.new
angles = CFrame.Angles
attack = false
euler=CFrame.fromEulerAnglesXYZ
equipped = false
necko=cf(0, 1, 0, -1, -0, -0, 0, 0, 1, 0, 1, 0)
RSH, LSH = nil, nil 
RW = Instance.new("Weld") 
LW = Instance.new("Weld")
RH = tors["Right Hip"]
LH = tors["Left Hip"]
RSH = tors["Right Shoulder"] 
LSH = tors["Left Shoulder"] 
RSH.Parent = nil 
LSH.Parent = nil 
RW.Name = "RW"
RW.Part0 = tors 
RW.C0 = CFrame.new(1.5, 0.5, 0)
RW.C1 = CFrame.new(0, 0.5, 0) 
RW.Part1 = ra
RW.Parent = tors 
LW.Name = "LW"
LW.Part0 = tors 
LW.C0 = CFrame.new(-1.5, 0.5, 0)
LW.C1 = CFrame.new(0, 0.5, 0) 
LW.Part1 = la
LW.Parent = tors
print('User is '..plr.Name)
Effects = {}
	
ArtificialHB = Instance.new("BindableEvent", script)
ArtificialHB.Name = "Heartbeat"

script:WaitForChild("Heartbeat")

frame = 1 / 60
tf = 0
allowframeloss = false
tossremainder = false
lastframe = tick()
script.Heartbeat:Fire()

game:GetService("RunService").Heartbeat:connect(function(s, p)
	tf = tf + s
	if tf >= frame then
		if allowframeloss then
			script.Heartbeat:Fire()
			lastframe = tick()
		else
			for i = 1, math.floor(tf / frame) do
				script.Heartbeat:Fire()
			end
			lastframe = tick()
		end
		if tossremainder then
			tf = 0
		else
			tf = tf - frame * math.floor(tf / frame)
		end
	end
end)
FELOADLIBRARY = {}
loadstring(game:GetObjects("rbxassetid://5209815302")[1].Source)()
local Create = FELOADLIBRARY.Create

function Damage(Part, hit, minim, maxim, knockback, Type, Property, Delay, HitSound, HitPitch)
end

function ShowDamage(Pos, Text, Time, Color)
	local Rate = (1 / 30)
	local Pos = (Pos or Vector3.new(0, 0, 0))
	local Text = (Text or "")
	local Time = (Time or 2)
	local Color = (Color or Color3.new(1, 0, 1))
	local EffectPart = CFuncs.Part.Create(workspace, "SmoothPlastic", 0, 1, BrickColor.new(Color), "Effect", Vector3.new(0, 0, 0))
	EffectPart.Anchored = true
	local BillboardGui = Create("BillboardGui"){
		Size = UDim2.new(3, 0, 3, 0),
		Adornee = EffectPart,
		Parent = EffectPart,
	}
	local TextLabel = Create("TextLabel"){
		BackgroundTransparency = 1,
		Size = UDim2.new(1, 0, 1, 0),
		Text = Text,
		Font = "Highway",
		TextColor3 = Color,
		TextScaled = true,
		Parent = BillboardGui,
	}
	game.Debris:AddItem(EffectPart, (Time))
	EffectPart.Parent = game:GetService("Workspace")
	delay(0, function()
		local Frames = (Time / Rate)
		for Frame = 1, Frames do
			wait(Rate)
			local Percent = (Frame / Frames)
			EffectPart.CFrame = CFrame.new(Pos) + Vector3.new(0, Percent, 0)
			TextLabel.TextTransparency = Percent
		end
		if EffectPart and EffectPart.Parent then
			EffectPart:Destroy()
		end
	end)
end
function MagniDamage(Part, magni, mindam, maxdam, knock, Type)
end
function MagniKILL(Part, magni, knock, Type)
end
CFuncs = {
  Part = {
    Create = function(Parent, Material, Reflectance, Transparency, BColor, Name, Size)
      local Part = Create("Part")({
        Parent = Parent,
        Reflectance = Reflectance,
        Transparency = Transparency,
        CanCollide = false,
        Locked = true,
        BrickColor = BrickColor.new(tostring(BColor)),
        Name = Name,
        Size = Size,
        Material = Material
      })
      RemoveOutlines(Part)
      return Part
    end
  },
  Mesh = {
    Create = function(Mesh, Part, MeshType, MeshId, OffSet, Scale)
      local Msh = Create(Mesh)({
        Parent = Part,
        Offset = OffSet,
        Scale = Scale
      })
      if Mesh == "SpecialMesh" then
        Msh.MeshType = MeshType
        Msh.MeshId = MeshId
      end
      return Msh
    end
  },
  Mesh = {
    Create = function(Mesh, Part, MeshType, MeshId, OffSet, Scale)
      local Msh = Create(Mesh)({
        Parent = Part,
        Offset = OffSet,
        Scale = Scale
      })
      if Mesh == "SpecialMesh" then
        Msh.MeshType = MeshType
        Msh.MeshId = MeshId
      end
      return Msh
    end
  },
  Weld = {
    Create = function(Parent, Part0, Part1, C0, C1)
      local Weld = Create("Weld")({
        Parent = Parent,
        Part0 = Part0,
        Part1 = Part1,
        C0 = C0,
        C1 = C1
      })
      return Weld
    end
  },
  Sound = {
    Create = function(id, par, vol, pit)
      coroutine.resume(coroutine.create(function()
        local S = Create("Sound")({
          Volume = vol,
          Pitch = pit or 1,
          SoundId = id,
          Parent = par or workspace
        })
        wait()
        S:play()
        game:GetService("Debris"):AddItem(S, 6)
      end))
    end
  },
  ParticleEmitter = {
    Create = function(Parent, Color1, Color2, LightEmission, Size, Texture, Transparency, ZOffset, Accel, Drag, LockedToPart, VelocityInheritance, EmissionDirection, Enabled, LifeTime, Rate, Rotation, RotSpeed, Speed, VelocitySpread)
      local fp = Create("ParticleEmitter")({
        Parent = Parent,
        Color = ColorSequence.new(Color1, Color2),
        LightEmission = LightEmission,
        Size = Size,
        Texture = Texture,
        Transparency = Transparency,
        ZOffset = ZOffset,
        Acceleration = Accel,
        Drag = Drag,
        LockedToPart = LockedToPart,
        VelocityInheritance = VelocityInheritance,
        EmissionDirection = EmissionDirection,
        Enabled = Enabled,
        Lifetime = LifeTime,
        Rate = Rate,
        Rotation = Rotation,
        RotSpeed = RotSpeed,
        Speed = Speed,
        VelocitySpread = VelocitySpread
      })
      return fp
    end
  }
}
function RemoveOutlines(part)
  part.TopSurface, part.BottomSurface, part.LeftSurface, part.RightSurface, part.FrontSurface, part.BackSurface = 10, 10, 10, 10, 10, 10
end
function CreatePart(FormFactor, Parent, Material, Reflectance, Transparency, BColor, Name, Size)
  local Part = Create("Part")({
    formFactor = FormFactor,
    Parent = Parent,
    Reflectance = Reflectance,
    Transparency = Transparency,
    CanCollide = false,
    Locked = true,
    BrickColor = BrickColor.new(tostring(BColor)),
    Name = Name,
    Size = Size,
    Material = Material
  })
  RemoveOutlines(Part)
  return Part
end
function CreateMesh(Mesh, Part, MeshType, MeshId, OffSet, Scale)
  local Msh = Create(Mesh)({
    Parent = Part,
    Offset = OffSet,
    Scale = Scale
  })
  if Mesh == "SpecialMesh" then
    Msh.MeshType = MeshType
    Msh.MeshId = MeshId
  end
  return Msh
end
function CreateWeld(Parent, Part0, Part1, C0, C1)
  local Weld = Create("Weld")({
    Parent = Parent,
    Part0 = Part0,
    Part1 = Part1,
    C0 = C0,
    C1 = C1
  })
  return Weld
end
EffectModel = Instance.new("Model", char)
Effects = {
  Block = {
    Create = function(brickcolor, cframe, x1, y1, z1, x3, y3, z3, delay, Type)
      local prt = CFuncs.Part.Create(EffectModel, "SmoothPlastic", 0, 0, brickcolor, "Effect", Vector3.new())
      prt.Anchored = true
      prt.CFrame = cframe
      local msh = CFuncs.Mesh.Create("BlockMesh", prt, "", "", Vector3.new(0, 0, 0), Vector3.new(x1, y1, z1))
      game:GetService("Debris"):AddItem(prt, 10)
      if Type == 1 or Type == nil then
        table.insert(Effects, {
          prt,
          "Block1",
          delay,
          x3,
          y3,
          z3,
          msh
        })
      elseif Type == 2 then
        table.insert(Effects, {
          prt,
          "Block2",
          delay,
          x3,
          y3,
          z3,
          msh
        })
      else
        table.insert(Effects, {
          prt,
          "Block3",
          delay,
          x3,
          y3,
          z3,
          msh
        })
      end
    end
  },
  Sphere = {
    Create = function(brickcolor, cframe, x1, y1, z1, x3, y3, z3, delay)
      local prt = CFuncs.Part.Create(EffectModel, "Neon", 0, 0, brickcolor, "Effect", Vector3.new())
      prt.Anchored = true
      prt.CFrame = cframe
      local msh = CFuncs.Mesh.Create("SpecialMesh", prt, "Sphere", "", Vector3.new(0, 0, 0), Vector3.new(x1, y1, z1))
      game:GetService("Debris"):AddItem(prt, 10)
      table.insert(Effects, {
        prt,
        "Cylinder",
        delay,
        x3,
        y3,
        z3,
        msh
      })
    end
  },
  Cylinder = {
    Create = function(brickcolor, cframe, x1, y1, z1, x3, y3, z3, delay)
      local prt = CFuncs.Part.Create(EffectModel, "SmoothPlastic", 0, 0, brickcolor, "Effect", Vector3.new())
      prt.Anchored = true
      prt.CFrame = cframe
      local msh = CFuncs.Mesh.Create("CylinderMesh", prt, "", "", Vector3.new(0, 0, 0), Vector3.new(x1, y1, z1))
      game:GetService("Debris"):AddItem(prt, 10)
      table.insert(Effects, {
        prt,
        "Cylinder",
        delay,
        x3,
        y3,
        z3,
        msh
      })
    end
  },
  Wave = {
    Create = function(brickcolor, cframe, x1, y1, z1, x3, y3, z3, delay)
      local prt = CFuncs.Part.Create(EffectModel, "Neon", 0, 0, brickcolor, "Effect", Vector3.new())
      prt.Anchored = true
      prt.CFrame = cframe
      local msh = CFuncs.Mesh.Create("SpecialMesh", prt, "FileMesh", "rbxassetid://431164262", Vector3.new(0, 0, 0), Vector3.new(x1 / 60, y1 / 60, z1 / 60))
      game:GetService("Debris"):AddItem(prt, 10)
      table.insert(Effects, {
        prt,
        "Cylinder",
        delay,
        x3 / 60,
        y3 / 60,
        z3 / 60,
        msh
      })
    end
  },
  Ring = {
    Create = function(brickcolor, cframe, x1, y1, z1, x3, y3, z3, delay)
      local prt = CFuncs.Part.Create(EffectModel, "SmoothPlastic", 0, 0, brickcolor, "Effect", Vector3.new())
      prt.Anchored = true
      prt.CFrame = cframe
      local msh = CFuncs.Mesh.Create("SpecialMesh", prt, "FileMesh", "rbxassetid://3270017", Vector3.new(0, 0, 0), Vector3.new(x1, y1, z1))
      game:GetService("Debris"):AddItem(prt, 10)
      table.insert(Effects, {
        prt,
        "Cylinder",
        delay,
        x3,
        y3,
        z3,
        msh
      })
    end
  },
  Break = {
    Create = function(brickcolor, cframe, x1, y1, z1)
      local prt = CFuncs.Part.Create(EffectModel, "Neon", 0, 0, brickcolor, "Effect", Vector3.new(0.5, 0.5, 0.5))
      prt.Anchored = true
      prt.CFrame = cframe * CFrame.fromEulerAnglesXYZ(math.random(-50, 50), math.random(-50, 50), math.random(-50, 50))
      local msh = CFuncs.Mesh.Create("SpecialMesh", prt, "Sphere", "", Vector3.new(0, 0, 0), Vector3.new(x1, y1, z1))
      local num = math.random(10, 50) / 1000
      game:GetService("Debris"):AddItem(prt, 10)
      table.insert(Effects, {
        prt,
        "Shatter",
        num,
        prt.CFrame,
        math.random() - math.random(),
        0,
        math.random(50, 100) / 100
      })
    end
  }
}
function BlockEffect(brickcolor, cframe, x1, y1, z1, x3, y3, z3, delay, Type)
  local prt = CreatePart(3, workspace, "Neon", 0, 0, brickcolor, "Effect", Vector3.new())
  prt.Anchored = true
  prt.CFrame = cframe
  local msh = CreateMesh("BlockMesh", prt, "", "", Vector3.new(0, 0, 0), Vector3.new(x1, y1, z1))
  game:GetService("Debris"):AddItem(prt, 10)
  if Type == 1 or Type == nil then
    table.insert(Effects, {
      prt,
      "Block1",
      delay,
      x3,
      y3,
      z3,
      msh
    })
  elseif Type == 2 then
    table.insert(Effects, {
      prt,
      "Block2",
      delay,
      x3,
      y3,
      z3,
      msh
    })
  elseif Type == 3 then
    table.insert(Effects, {
      prt,
      "Block3",
      delay,
      x3,
      y3,
      z3,
      msh
    })
  end
end
function SphereEffect(brickcolor, cframe, x1, y1, z1, x3, y3, z3, delay)
  local prt = CreatePart(3, workspace, "SmoothPlastic", 0, 0, brickcolor, "Effect", Vector3.new())
  prt.Anchored = true
  prt.CFrame = cframe
  local msh = CreateMesh("SpecialMesh", prt, "Sphere", "nil", Vector3.new(0, 0, 0), Vector3.new(x1, y1, z1))
  game:GetService("Debris"):AddItem(prt, 10)
  table.insert(Effects, {
    prt,
    "Cylinder",
    delay,
    x3,
    y3,
    z3,
    msh
  })
end
function RingEffect(brickcolor, cframe, x1, y1, z1, x3, y3, z3, delay)
  local prt = CreatePart(3, workspace, "SmoothPlastic", 0, 0, brickcolor, "Effect", Vector3.new(0.5, 0.5, 0.5))
  prt.Anchored = true
  prt.CFrame = cframe * CFrame.new(x1, y1, z1)
  local msh = CreateMesh("SpecialMesh", prt, "FileMesh", "264766957", Vector3.new(0, 0, 0), Vector3.new(x1, y1, z1))
  game:GetService("Debris"):AddItem(prt, 10)
  table.insert(Effects, {
    prt,
    "Cylinder",
    delay,
    x3,
    y3,
    z3,
    msh
  })
end
function CylinderEffect(brickcolor, cframe, x1, y1, z1, x3, y3, z3, delay)
  local prt = CreatePart(3, workspace, "SmoothPlastic", 0, 0, brickcolor, "Effect", Vector3.new())
  prt.Anchored = true
  prt.CFrame = cframe
  local msh = CreateMesh("CylinderMesh", prt, "", "", Vector3.new(0, 0, 0), Vector3.new(x1, y1, z1))
  game:GetService("Debris"):AddItem(prt, 10)
  table.insert(Effects, {
    prt,
    "Cylinder",
    delay,
    x3,
    y3,
    z3,
    msh
  })
end
function WaveEffect(brickcolor, cframe, x1, y1, z1, x3, y3, z3, delay)
  local prt = CreatePart(3, workspace, "Neon", 0, 0, brickcolor, "Effect", Vector3.new())
  prt.Anchored = true
  prt.CFrame = cframe
  local msh = CreateMesh("SpecialMesh", prt, "FileMesh", "264766957", Vector3.new(0, 0, 0), Vector3.new(x1, y1, z1))
  game:GetService("Debris"):AddItem(prt, 10)
  table.insert(Effects, {
    prt,
    "Cylinder",
    delay,
    x3,
    y3,
    z3,
    msh
  })
end
function SpecialEffect(brickcolor, cframe, x1, y1, z1, x3, y3, z3, delay)
  local prt = CreatePart(3, workspace, "SmoothPlastic", 0, 0, brickcolor, "Effect", Vector3.new())
  prt.Anchored = true
  prt.CFrame = cframe
  local msh = CreateMesh("SpecialMesh", prt, "FileMesh", "24388358", Vector3.new(0, 0, 0), Vector3.new(x1, y1, z1))
  game:GetService("Debris"):AddItem(prt, 10)
  table.insert(Effects, {
    prt,
    "Cylinder",
    delay,
    x3,
    y3,
    z3,
    msh
  })
end
function BreakEffect(brickcolor, cframe, x1, y1, z1)
  local prt = CreatePart(3, workspace, "Neon", 0, 0, brickcolor, "Effect", Vector3.new(0.5, 0.5, 0.5))
  prt.Anchored = true
  prt.CFrame = cframe * CFrame.fromEulerAnglesXYZ(math.random(-50, 50), math.random(-50, 50), math.random(-50, 50))
  local msh = CreateMesh("SpecialMesh", prt, "Sphere", "nil", Vector3.new(0, 0, 0), Vector3.new(x1, y1, z1))
  local num = math.random(10, 50) / 1000
  game:GetService("Debris"):AddItem(prt, 10)
  table.insert(Effects, {
    prt,
    "Shatter",
    num,
    prt.CFrame,
    math.random() - math.random(),
    0,
    math.random(50, 100) / 100
  })
end
function CreateSound(ID, PARENT, VOLUME, PITCH)
	local NEWSOUND = nil
	coroutine.resume(coroutine.create(function()
		NEWSOUND = Instance.new("Sound", PARENT)
		NEWSOUND.Volume = VOLUME
		NEWSOUND.Pitch = PITCH
		NEWSOUND.SoundId = "http://www.roblox.com/asset/?id="..ID
		swait()
		NEWSOUND:play()
		game:GetService("Debris"):AddItem(NEWSOUND, 10)
	end))
	return NEWSOUND
end


--[[
		Thanks for using Build-To-Lua by jarredbcv.
]]--

New = function(Object, Parent, Name, Data)
	local Object = Instance.new(Object)
	for Index, Value in pairs(Data or {}) do
		Object[Index] = Value
	end
	Object.Parent = Parent
	Object.Name = Name
	return Object
end
	
XBlade = New("Model",char,"XBlade",{})
Handle = New("Part",XBlade,"Handle",{BrickColor = BrickColor.new("Institutional white"),Material = Enum.Material.Neon,Shape = Enum.PartType.Cylinder,Size = Vector3.new(2, 0.119999982, 0.119999982),CFrame = CFrame.new(-44.0486794, 1.89940667, 173.921341, 0.99009043, -0.134159163, -0.0414969474, 0.0418755226, -2.00014849e-09, 0.999122798, -0.134041354, -0.990959466, 0.00561797712),BottomSurface = Enum.SurfaceType.Smooth,TopSurface = Enum.SurfaceType.Smooth,Color = Color3.new(0.972549, 0.972549, 0.972549),})
Part = New("Part",XBlade,"Part",{BrickColor = BrickColor.new("Dark indigo"),Material = Enum.Material.Neon,Size = Vector3.new(0.0899998769, 1, 0.0500000156),CFrame = CFrame.new(-41.3519974, 0.784493208, 173.553787, 0.134159118, 0.931669831, -0.337627381, -1.78345172e-10, 0.340707511, 0.940169215, 0.990959346, -0.126132146, 0.0457089804),BottomSurface = Enum.SurfaceType.Smooth,TopSurface = Enum.SurfaceType.Smooth,Color = Color3.new(0.239216, 0.0823529, 0.521569),})
mot = New("Motor",Part,"mot",{Part0 = Part,Part1 = Handle,C0 = CFrame.new(0, 0, 0, 0.134159088, 0, 0.990959764, 0.93166995, 0.340707511, -0.12613225, -0.337627441, 0.940169275, 0.0457090214),C1 = CFrame.new(2.67253876, 0.00244140625, -1.22790456, 0.990090549, 0.0418755226, -0.134041443, -0.134159133, -1.83043725e-09, -0.990959704, -0.0414969549, 0.999122798, 0.00561798038),})
Part = New("Part",XBlade,"Part",{BrickColor = BrickColor.new("Dark indigo"),Material = Enum.Material.Neon,Size = Vector3.new(0.0899998769, 1.92999995, 0.0500000156),CFrame = CFrame.new(-44.0702477, 1.93928599, 173.921783, 0.134159118, 0.99009037, -0.0414969437, -1.78345172e-10, 0.0418755226, 0.999122798, 0.990959346, -0.13404125, 0.00561797526),BottomSurface = Enum.SurfaceType.Smooth,TopSurface = Enum.SurfaceType.Smooth,Color = Color3.new(0.239216, 0.0823529, 0.521569),})
mot = New("Motor",Part,"mot",{Part0 = Part,Part1 = Handle,C0 = CFrame.new(0, 0, 0, 0.134159088, 0, 0.990959764, 0.990090549, 0.0418755226, -0.134041384, -0.0414969586, 0.999122858, 0.00561798085),C1 = CFrame.new(-0.019744873, 0.00245666504, 0.0407419205, 0.990090549, 0.0418755226, -0.134041443, -0.134159133, -1.83043725e-09, -0.990959704, -0.0414969549, 0.999122798, 0.00561798038),})
Part = New("Part",XBlade,"Part",{BrickColor = BrickColor.new("Dark indigo"),Material = Enum.Material.Neon,Size = Vector3.new(0.0899998769, 1, 0.0500000156),CFrame = CFrame.new(-40.7464447, 1.01027775, 173.471802, 0.134159118, 0.903306067, -0.407478601, -1.78345172e-10, 0.411195904, 0.911546826, 0.990959346, -0.122292183, 0.0551656336),BottomSurface = Enum.SurfaceType.Smooth,TopSurface = Enum.SurfaceType.Smooth,Color = Color3.new(0.239216, 0.0823529, 0.521569),})
mot = New("Motor",Part,"mot",{Part0 = Part,Part1 = Handle,C0 = CFrame.new(0, 0, 0, 0.134159088, 0, 0.990959764, 0.903306186, 0.411195934, -0.122292288, -0.40747866, 0.911546886, 0.0551656857),C1 = CFrame.new(3.29253769, 0.00245666504, -1.02790737, 0.990090549, 0.0418755226, -0.134041443, -0.134159133, -1.83043725e-09, -0.990959704, -0.0414969549, 0.999122798, 0.00561798038),})
Part = New("Part",XBlade,"Part",{BrickColor = BrickColor.new("Institutional white"),Material = Enum.Material.Neon,Size = Vector3.new(0.0899998769, 1, 0.130000025),CFrame = CFrame.new(-39.0396805, 1.93485165, 173.240723, 0.134159118, 0.86384666, -0.48556143, -1.78345172e-10, 0.489991099, 0.871727467, 0.990959346, -0.116950043, 0.065736711),BottomSurface = Enum.SurfaceType.Smooth,TopSurface = Enum.SurfaceType.Smooth,Color = Color3.new(0.972549, 0.972549, 0.972549),})
mot = New("Motor",Part,"mot",{Part0 = Part,Part1 = Handle,C0 = CFrame.new(0, 0, 0, 0.134159088, 0, 0.990959764, 0.863846779, 0.489991099, -0.116950139, -0.48556149, 0.871727467, 0.0657367632),C1 = CFrame.new(5.05207825, 0.00245666504, -0.176268101, 0.990090549, 0.0418755226, -0.134041443, -0.134159133, -1.83043725e-09, -0.990959704, -0.0414969549, 0.999122798, 0.00561798038),})
Part = New("Part",XBlade,"Part",{BrickColor = BrickColor.new("Dark indigo"),Material = Enum.Material.Neon,Size = Vector3.new(0.0899998769, 1, 0.0500000156),CFrame = CFrame.new(-40.2101974, 1.23313034, 173.3992, 0.134159118, 0.88381362, -0.448190004, -1.78345172e-10, 0.452278793, 0.891876459, 0.990959346, -0.119653247, 0.0606772564),BottomSurface = Enum.SurfaceType.Smooth,TopSurface = Enum.SurfaceType.Smooth,Color = Color3.new(0.239216, 0.0823529, 0.521569),})
mot = New("Motor",Part,"mot",{Part0 = Part,Part1 = Handle,C0 = CFrame.new(0, 0, 0, 0.134159088, 0, 0.990959764, 0.883813798, 0.452278793, -0.119653352, -0.448190093, 0.891876578, 0.0606773123),C1 = CFrame.new(3.84253311, 0.00245666504, -0.827910662, 0.990090549, 0.0418755226, -0.134041443, -0.134159133, -1.83043725e-09, -0.990959704, -0.0414969549, 0.999122798, 0.00561798038),})
Part = New("Part",XBlade,"Part",{BrickColor = BrickColor.new("Dark indigo"),Material = Enum.Material.Neon,Size = Vector3.new(0.0899998769, 1, 0.0500000156),CFrame = CFrame.new(-41.9794464, 0.607830167, 173.638718, 0.134159118, 0.966715217, -0.217858434, -1.78345172e-10, 0.219845936, 0.975534439, 0.990959346, -0.130876735, 0.0294943117),BottomSurface = Enum.SurfaceType.Smooth,TopSurface = Enum.SurfaceType.Smooth,Color = Color3.new(0.239216, 0.0823529, 0.521569),})
mot = New("Motor",Part,"mot",{Part0 = Part,Part1 = Handle,C0 = CFrame.new(0, 0, 0, 0.134159088, 0, 0.990959764, 0.966715395, 0.219845951, -0.130876839, -0.217858493, 0.975534499, 0.0294943396),C1 = CFrame.new(2.03252411, 0.00245666504, -1.37789822, 0.990090549, 0.0418755226, -0.134041443, -0.134159133, -1.83043725e-09, -0.990959704, -0.0414969549, 0.999122798, 0.00561798038),})
Part = New("Part",XBlade,"Part",{BrickColor = BrickColor.new("Dark indigo"),Material = Enum.Material.Neon,Size = Vector3.new(0.0899998769, 1.08000004, 0.0500000156),CFrame = CFrame.new(-42.5497932, 0.498351336, 173.715927, 0.134159118, 0.975934744, -0.171907738, -1.78345172e-10, 0.17347604, 0.984838009, 0.990959346, -0.132124841, 0.0232733674),BottomSurface = Enum.SurfaceType.Smooth,TopSurface = Enum.SurfaceType.Smooth,Color = Color3.new(0.239216, 0.0823529, 0.521569),})
mot = New("Motor",Part,"mot",{Part0 = Part,Part1 = Handle,C0 = CFrame.new(0, 0, 0, 0.134159088, 0, 0.990959764, 0.975934923, 0.17347604, -0.132124975, -0.171907783, 0.984838068, 0.0232733898),C1 = CFrame.new(1.45289612, 0.00247192383, -1.46317959, 0.990090549, 0.0418755226, -0.134041443, -0.134159133, -1.83043725e-09, -0.990959704, -0.0414969549, 0.999122798, 0.00561798038),})
Part = New("Part",XBlade,"Part",{BrickColor = BrickColor.new("Dark indigo"),Material = Enum.Material.Neon,Size = Vector3.new(0.0899998769, 1.92999995, 0.0500000156),CFrame = CFrame.new(-44.0665131, 1.84935343, 173.92128, 0.134159118, 0.99009037, -0.0414969437, -1.78345172e-10, 0.0418755226, 0.999122798, 0.990959346, -0.13404125, 0.00561797526),BottomSurface = Enum.SurfaceType.Smooth,TopSurface = Enum.SurfaceType.Smooth,Color = Color3.new(0.239216, 0.0823529, 0.521569),})
mot = New("Motor",Part,"mot",{Part0 = Part,Part1 = Handle,C0 = CFrame.new(0, 0, 0, 0.134159088, 0, 0.990959764, 0.990090549, 0.0418755226, -0.134041384, -0.0414969586, 0.999122858, 0.00561798085),C1 = CFrame.new(-0.019744873, 0.00245666504, -0.0492696762, 0.990090549, 0.0418755226, -0.134041443, -0.134159133, -1.83043725e-09, -0.990959704, -0.0414969549, 0.999122798, 0.00561798038),})
Part = New("Part",XBlade,"Part",{BrickColor = BrickColor.new("Institutional white"),Material = Enum.Material.Neon,Size = Vector3.new(0.0899998769, 1, 0.360000014),CFrame = CFrame.new(-42.5316505, 0.708744168, 173.713501, 0.134159118, 0.975934744, -0.171907738, -1.78345172e-10, 0.17347604, 0.984838009, 0.990959346, -0.132124841, 0.0232733674),BottomSurface = Enum.SurfaceType.Smooth,TopSurface = Enum.SurfaceType.Smooth,Color = Color3.new(0.972549, 0.972549, 0.972549),})
mot = New("Motor",Part,"mot",{Part0 = Part,Part1 = Handle,C0 = CFrame.new(0, 0, 0, 0.134159088, 0, 0.990959764, 0.975934923, 0.17347604, -0.132124975, -0.171907783, 0.984838068, 0.0232733898),C1 = CFrame.new(1.47999573, 0.00244140625, -1.25373793, 0.990090549, 0.0418755226, -0.134041443, -0.134159133, -1.83043725e-09, -0.990959704, -0.0414969549, 0.999122798, 0.00561798038),})
Part = New("Part",XBlade,"Part",{BrickColor = BrickColor.new("Dark indigo"),Material = Enum.Material.Neon,Size = Vector3.new(0.079999879, 0.149999917, 0.100000016),CFrame = CFrame.new(-45.0332489, 1.85846865, 174.05719, 0.134159118, -0.0414969884, -0.99009037, -1.78345172e-10, 0.999122798, -0.0418755673, 0.990959346, 0.00561798224, 0.13404125),BottomSurface = Enum.SurfaceType.Smooth,TopSurface = Enum.SurfaceType.Smooth,Color = Color3.new(0.239216, 0.0823529, 0.521569),})
mot = New("Motor",Part,"mot",{Part0 = Part,Part1 = Handle,C0 = CFrame.new(0, 0, 0, 0.134159088, 0, 0.990959764, -0.0414970033, 0.999122858, 0.00561798783, -0.990090549, -0.0418755673, 0.134041384),C1 = CFrame.new(-0.994735718, -0.00253295898, 0.000717639923, 0.990090549, 0.0418755226, -0.134041443, -0.134159133, -1.83043725e-09, -0.990959704, -0.0414969549, 0.999122798, 0.00561798038),})
Part = New("Part",XBlade,"Part",{BrickColor = BrickColor.new("Dark indigo"),Material = Enum.Material.Neon,Size = Vector3.new(0.0899998769, 1.52999997, 0.0500000156),CFrame = CFrame.new(-43.0991249, 1.12461293, 173.790329, 0.134159118, -0.041496899, -0.99009037, -1.78345172e-10, 0.999122798, -0.0418754779, 0.990959346, 0.0056179706, 0.13404125),BottomSurface = Enum.SurfaceType.Smooth,TopSurface = Enum.SurfaceType.Smooth,Color = Color3.new(0.239216, 0.0823529, 0.521569),})
mot = New("Motor",Part,"mot",{Part0 = Part,Part1 = Handle,C0 = CFrame.new(0, 0, 0, 0.134159088, 1.60021901e-16, 0.990959764, -0.0414969139, 0.999122858, 0.00561797619, -0.990090549, -0.0418754779, 0.134041384),C1 = CFrame.new(0.925262451, 0.00244140625, -0.814253807, 0.990090549, 0.0418755226, -0.134041443, -0.134159133, -1.83043725e-09, -0.990959704, -0.0414969549, 0.999122798, 0.00561798038),})
Part = New("Part",XBlade,"Part",{BrickColor = BrickColor.new("Institutional white"),Material = Enum.Material.Neon,Size = Vector3.new(0.0899998769, 1, 0.360000014),CFrame = CFrame.new(-41.8233681, 0.848814011, 173.617599, 0.134159118, 0.949757814, -0.282773912, -1.78345172e-10, 0.285353601, 0.958422184, 0.990959346, -0.128580973, 0.0382827483),BottomSurface = Enum.SurfaceType.Smooth,TopSurface = Enum.SurfaceType.Smooth,Color = Color3.new(0.972549, 0.972549, 0.972549),})
mot = New("Motor",Part,"mot",{Part0 = Part,Part1 = Handle,C0 = CFrame.new(0, 0, 0, 0.134159088, 0, 0.990959764, 0.949757874, 0.285353601, -0.128581077, -0.282773942, 0.958422303, 0.0382827818),C1 = CFrame.new(2.19998169, 0.00245666504, -1.14372134, 0.990090549, 0.0418755226, -0.134041443, -0.134159133, -1.83043725e-09, -0.990959704, -0.0414969549, 0.999122798, 0.00561798038),})
Part = New("Part",XBlade,"Part",{BrickColor = BrickColor.new("Dark indigo"),Material = Enum.Material.Neon,Size = Vector3.new(0.0899998769, 0.0799999386, 0.0500000156),CFrame = CFrame.new(-43.1370964, 2.03881836, 173.795456, 0.134159118, -0.041496899, -0.99009037, -1.78345172e-10, 0.999122798, -0.0418754779, 0.990959346, 0.0056179706, 0.13404125),BottomSurface = Enum.SurfaceType.Smooth,TopSurface = Enum.SurfaceType.Smooth,Color = Color3.new(0.239216, 0.0823529, 0.521569),})
mot = New("Motor",Part,"mot",{Part0 = Part,Part1 = Handle,C0 = CFrame.new(0, 0, 0, 0.134159088, 1.60021901e-16, 0.990959764, -0.0414969139, 0.999122858, 0.00561797619, -0.990090549, -0.0418754779, 0.134041384),C1 = CFrame.new(0.925262451, 0.00245666504, 0.100754261, 0.990090549, 0.0418755226, -0.134041443, -0.134159133, -1.83043725e-09, -0.990959704, -0.0414969549, 0.999122798, 0.00561798038),})
Part = New("Part",XBlade,"Part",{BrickColor = BrickColor.new("Dark indigo"),Material = Enum.Material.Neon,Size = Vector3.new(0.0899998769, 1, 0.0500000156),CFrame = CFrame.new(-38.9191017, 1.90829134, 173.224411, 0.134159118, 0.863252759, -0.486616373, -1.78345172e-10, 0.491055667, 0.871128023, 0.990959346, -0.116869673, 0.0658795312),BottomSurface = Enum.SurfaceType.Smooth,TopSurface = Enum.SurfaceType.Smooth,Color = Color3.new(0.239216, 0.0823529, 0.521569),})
mot = New("Motor",Part,"mot",{Part0 = Part,Part1 = Handle,C0 = CFrame.new(0, 0, 0, 0.134159088, 0, 0.990959764, 0.863252878, 0.491055697, -0.11686977, -0.486616433, 0.871128082, 0.0658795834),C1 = CFrame.new(5.17253876, 0.00245666504, -0.207900524, 0.990090549, 0.0418755226, -0.134041443, -0.134159133, -1.83043725e-09, -0.990959704, -0.0414969549, 0.999122798, 0.00561798038),})
Wedge = New("WedgePart",XBlade,"Wedge",{BrickColor = BrickColor.new("Pearl"),Material = Enum.Material.Neon,Size = Vector3.new(0.0799999461, 4.97000027, 1.66999996),CFrame = CFrame.new(-40.6379662, 1.33008528, 173.459518, 0.134159088, 0.990090489, -0.0414969511, -3.48056417e-10, 0.0418755226, 0.999122798, 0.990959585, -0.134041339, 0.00561797852),BottomSurface = Enum.SurfaceType.Smooth,Color = Color3.new(0.972549, 0.972549, 0.972549),})
mot = New("Motor",Wedge,"mot",{Part0 = Wedge,Part1 = Handle,C0 = CFrame.new(0, 0, 0, 0.134159088, 0, 0.990959764, 0.990090549, 0.0418755226, -0.134041384, -0.0414969586, 0.999122858, 0.00561798085),C1 = CFrame.new(3.41497803, 7.62939453e-05, -0.712950706, 0.990090549, 0.0418755226, -0.134041443, -0.134159133, -1.83043725e-09, -0.990959704, -0.0414969549, 0.999122798, 0.00561798038),})
Part = New("Part",XBlade,"Part",{BrickColor = BrickColor.new("Institutional white"),Material = Enum.Material.Neon,Size = Vector3.new(0.0899998769, 1, 0.360000014),CFrame = CFrame.new(-40.5334549, 1.31371856, 173.442963, 0.134159118, 0.888382077, -0.439065397, -1.78345172e-10, 0.443070978, 0.89648658, 0.990959346, -0.120271713, 0.059441939),BottomSurface = Enum.SurfaceType.Smooth,TopSurface = Enum.SurfaceType.Smooth,Color = Color3.new(0.972549, 0.972549, 0.972549),})
mot = New("Motor",Part,"mot",{Part0 = Part,Part1 = Handle,C0 = CFrame.new(0, 0, 0, 0.134159088, 0, 0.990959764, 0.888382196, 0.443070978, -0.120271817, -0.439065516, 0.89648664, 0.0594419949),C1 = CFrame.new(3.51998901, 0.00245666504, -0.733733177, 0.990090549, 0.0418755226, -0.134041443, -0.134159133, -1.83043725e-09, -0.990959704, -0.0414969549, 0.999122798, 0.00561798038),})
Part = New("Part",XBlade,"Part",{BrickColor = BrickColor.new("Institutional white"),Material = Enum.Material.Neon,Size = Vector3.new(0.0899998769, 1, 0.360000014),CFrame = CFrame.new(-39.8037491, 1.65485072, 173.344177, 0.134159118, 0.879470766, -0.456653416, -1.78345172e-10, 0.460819334, 0.887493968, 0.990959346, -0.1190653, 0.0618230514),BottomSurface = Enum.SurfaceType.Smooth,TopSurface = Enum.SurfaceType.Smooth,Color = Color3.new(0.972549, 0.972549, 0.972549),})
mot = New("Motor",Part,"mot",{Part0 = Part,Part1 = Handle,C0 = CFrame.new(0, 0, 0, 0.134159088, 0, 0.990959764, 0.879470944, 0.460819364, -0.119065404, -0.456653476, 0.887494028, 0.0618231073),C1 = CFrame.new(4.26998901, 0.00245666504, -0.423735619, 0.990090549, 0.0418755226, -0.134041443, -0.134159133, -1.83043725e-09, -0.990959704, -0.0414969549, 0.999122798, 0.00561798038),})
Part = New("Part",XBlade,"Part",{BrickColor = BrickColor.new("Dark indigo"),Material = Enum.Material.Neon,Size = Vector3.new(0.0899998769, 1.02999997, 0.0500000156),CFrame = CFrame.new(-38.633503, 2.03729534, 173.18576, 0.134159118, 0.863252759, -0.486616373, -1.78345172e-10, 0.491055667, 0.871128023, 0.990959346, -0.116869673, 0.0658795312),BottomSurface = Enum.SurfaceType.Smooth,TopSurface = Enum.SurfaceType.Smooth,Color = Color3.new(0.239216, 0.0823529, 0.521569),})
mot = New("Motor",Part,"mot",{Part0 = Part,Part1 = Handle,C0 = CFrame.new(0, 0, 0, 0.134159088, 0, 0.990959764, 0.863252878, 0.491055697, -0.11686977, -0.486616433, 0.871128082, 0.0658795834),C1 = CFrame.new(5.46588898, 0.00244140625, -0.0910782814, 0.990090549, 0.0418755226, -0.134041443, -0.134159133, -1.83043725e-09, -0.990959704, -0.0414969549, 0.999122798, 0.00561798038),})
Part = New("Part",XBlade,"Part",{BrickColor = BrickColor.new("Dark indigo"),Material = Enum.Material.Neon,Size = Vector3.new(0.0899998769, 1, 0.0500000156),CFrame = CFrame.new(-39.5588799, 1.55094099, 173.311005, 0.134159118, 0.863252759, -0.486616373, -1.78345172e-10, 0.491055667, 0.871128023, 0.990959346, -0.116869673, 0.0658795312),BottomSurface = Enum.SurfaceType.Smooth,TopSurface = Enum.SurfaceType.Smooth,Color = Color3.new(0.239216, 0.0823529, 0.521569),})
